data,area,totale,m,f,d,N1,N2,ISTAT,reg
2024-01-27,LAZ,101,41,60,101,ITI,ITI4,12,Lazio
2024-01-24,MAR,119,57,62,119,ITI,ITI3,11,Marche
2023-12-05,PAT,581,265,316,581,ITH,ITH2,4,Provincia Autonoma Trento
2024-02-19,LOM,228,93,135,228,ITC,ITC4,3,Lombardia
2023-11-13,BAS,37,17,20,37,ITF,ITF5,17,Basilicata
2023-12-15,VDA,123,61,62,123,ITC,ITC2,2,Valle d'Aosta / Vallée d'Aoste
2024-01-02,FVG,432,222,210,432,ITH,ITH4,6,Friuli-Venezia Giulia
2024-02-23,BAS,15,7,8,15,ITF,ITF5,17,Basilicata
2023-12-16,TOS,1210,602,608,1210,ITI,ITI1,9,Toscana
2024-01-24,LOM,980,407,573,980,ITC,ITC4,3,Lombardia
2024-01-04,ABR,256,118,138,256,ITF,ITF1,13,Abruzzo
2024-02-13,FVG,78,40,38,78,ITH,ITH4,6,Friuli-Venezia Giulia
2023-12-29,MAR,977,515,462,977,ITI,ITI3,11,Marche
2024-02-09,EMR,117,60,57,117,ITH,ITH5,8,Emilia-Romagna
2024-01-11,PAB,40,15,25,40,ITH,ITH1,4,Provincia Autonoma Bolzano / Bozen
2023-11-22,ABR,266,150,116,266,ITF,ITF1,13,Abruzzo
2023-11-30,BAS,143,85,58,143,ITF,ITF5,17,Basilicata
2023-12-04,PIE,2028,941,1087,2028,ITC,ITC1,1,Piemonte
2024-06-24,EMR,4,2,2,4,ITH,ITH5,8,Emilia-Romagna
2024-04-17,SAR,1,0,1,1,ITG,ITG2,20,Sardegna
2023-11-15,VEN,3155,1463,1692,3155,ITH,ITH3,5,Veneto
2023-10-25,LOM,9673,4641,5032,9673,ITC,ITC4,3,Lombardia
2023-11-30,SIC,373,199,174,373,ITG,ITG1,19,Sicilia
2023-11-06,SIC,55,28,27,55,ITG,ITG1,19,Sicilia
2024-03-11,LAZ,71,35,36,71,ITI,ITI4,12,Lazio
2024-03-07,PIE,29,17,12,29,ITC,ITC1,1,Piemonte
2023-11-28,VDA,77,40,37,77,ITC,ITC2,2,Valle d'Aosta / Vallée d'Aoste
2024-03-07,UMB,14,5,9,14,ITI,ITI2,10,Umbria
2024-04-23,LIG,9,3,6,9,ITC,ITC3,7,Liguria
2023-11-14,TOS,4799,2170,2629,4799,ITI,ITI1,9,Toscana
2023-12-12,EMR,5216,2551,2665,5216,ITH,ITH5,8,Emilia-Romagna
2024-02-20,VDA,5,2,3,5,ITC,ITC2,2,Valle d'Aosta / Vallée d'Aoste
2023-12-22,PIE,3408,1813,1595,3408,ITC,ITC1,1,Piemonte
2023-11-09,EMR,7866,3799,4067,7866,ITH,ITH5,8,Emilia-Romagna
2024-02-08,MAR,10,2,8,10,ITI,ITI3,11,Marche
2023-12-26,LAZ,8,3,5,8,ITI,ITI4,12,Lazio
2023-10-13,PAT,54,24,30,54,ITH,ITH2,4,Provincia Autonoma Trento
2023-11-28,ABR,483,228,255,483,ITF,ITF1,13,Abruzzo
2023-12-23,LIG,283,156,127,283,ITC,ITC3,7,Liguria
2023-10-03,LAZ,56,28,28,56,ITI,ITI4,12,Lazio
2024-01-23,PAT,67,27,40,67,ITH,ITH2,4,Provincia Autonoma Trento
2024-07-22,CAM,4,2,2,4,ITF,ITF3,15,Campania
2023-10-18,SAR,170,87,83,170,ITG,ITG2,20,Sardegna
2024-08-28,EMR,4,1,3,4,ITH,ITH5,8,Emilia-Romagna
2023-12-07,PAB,272,124,148,272,ITH,ITH1,4,Provincia Autonoma Bolzano / Bozen
2023-11-16,PUG,1963,1005,958,1963,ITF,ITF4,16,Puglia
2024-04-17,PUG,1,0,1,1,ITF,ITF4,16,Puglia
2023-11-21,ABR,371,207,164,371,ITF,ITF1,13,Abruzzo
2024-01-04,MAR,281,150,131,281,ITI,ITI3,11,Marche
2023-11-02,MOL,32,16,16,32,ITF,ITF2,14,Molise
2023-10-31,LAZ,1485,736,749,1485,ITI,ITI4,12,Lazio
2023-11-25,LOM,235,110,125,235,ITC,ITC4,3,Lombardia
2023-12-13,LAZ,5016,2391,2625,5016,ITI,ITI4,12,Lazio
2023-10-11,TOS,619,294,325,619,ITI,ITI1,9,Toscana
2023-12-04,CAM,676,382,294,676,ITF,ITF3,15,Campania
2024-04-05,CAM,13,5,8,13,ITF,ITF3,15,Campania
2024-02-14,EMR,141,62,79,141,ITH,ITH5,8,Emilia-Romagna
2023-11-22,VDA,118,54,64,118,ITC,ITC2,2,Valle d'Aosta / Vallée d'Aoste
2024-07-31,PIE,12,7,5,12,ITC,ITC1,1,Piemonte
2024-01-06,UMB,13,3,10,13,ITI,ITI2,10,Umbria
2024-02-29,EMR,28,14,14,28,ITH,ITH5,8,Emilia-Romagna
2024-03-19,MAR,1,1,0,1,ITI,ITI3,11,Marche
2023-12-11,VDA,19,10,9,19,ITC,ITC2,2,Valle d'Aosta / Vallée d'Aoste
2024-01-24,ABR,46,16,30,46,ITF,ITF1,13,Abruzzo
2024-08-22,TOS,5,2,3,5,ITI,ITI1,9,Toscana
2024-02-01,BAS,2,2,0,2,ITF,ITF5,17,Basilicata
2024-01-16,SIC,309,165,144,309,ITG,ITG1,19,Sicilia
2024-02-20,ABR,2,2,0,2,ITF,ITF1,13,Abruzzo
2024-06-27,EMR,3,1,2,3,ITH,ITH5,8,Emilia-Romagna
2024-08-14,TOS,1,0,1,1,ITI,ITI1,9,Toscana
2024-01-17,LIG,629,294,335,629,ITC,ITC3,7,Liguria
2024-04-05,PIE,29,15,14,29,ITC,ITC1,1,Piemonte
2024-01-09,VEN,1525,763,762,1525,ITH,ITH3,5,Veneto
2024-08-09,SAR,6,2,4,6,ITG,ITG2,20,Sardegna
2023-12-29,VDA,5,5,0,5,ITC,ITC2,2,Valle d'Aosta / Vallée d'Aoste
2024-01-11,SAR,647,325,322,647,ITG,ITG2,20,Sardegna
2023-12-02,FVG,693,342,351,693,ITH,ITH4,6,Friuli-Venezia Giulia
2024-02-27,LIG,30,9,21,30,ITC,ITC3,7,Liguria
2024-02-02,BAS,16,5,11,16,ITF,ITF5,17,Basilicata
2024-02-19,EMR,56,28,28,56,ITH,ITH5,8,Emilia-Romagna
2024-02-03,CAL,9,4,5,9,ITF,ITF6,18,Calabria
2024-01-12,UMB,323,159,164,323,ITI,ITI2,10,Umbria
2023-11-28,MAR,13,3,10,13,ITI,ITI3,11,Marche
2024-04-19,SIC,2,2,0,2,ITG,ITG1,19,Sicilia
2024-07-24,SAR,1,0,1,1,ITG,ITG2,20,Sardegna
2024-02-15,LAZ,120,60,60,120,ITI,ITI4,12,Lazio
2023-11-01,LAZ,25,11,14,25,ITI,ITI4,12,Lazio
2024-02-09,LOM,217,94,123,217,ITC,ITC4,3,Lombardia
2024-02-28,PIE,27,12,15,27,ITC,ITC1,1,Piemonte
2023-12-15,MAR,1067,517,550,1067,ITI,ITI3,11,Marche
2023-12-27,CAM,832,457,375,832,ITF,ITF3,15,Campania
2024-02-29,LOM,122,40,82,122,ITC,ITC4,3,Lombardia
2023-12-12,ABR,657,334,323,657,ITF,ITF1,13,Abruzzo
2024-01-09,PAT,204,97,107,204,ITH,ITH2,4,Provincia Autonoma Trento
2023-11-20,TOS,4094,1886,2208,4094,ITI,ITI1,9,Toscana
2023-11-18,BAS,25,9,16,25,ITF,ITF5,17,Basilicata
2024-02-22,LIG,44,14,30,44,ITC,ITC3,7,Liguria
2023-11-21,VDA,70,29,41,70,ITC,ITC2,2,Valle d'Aosta / Vallée d'Aoste
2023-12-29,ABR,337,187,150,337,ITF,ITF1,13,Abruzzo
2023-12-07,TOS,5031,2365,2666,5031,ITI,ITI1,9,Toscana
2024-02-01,SIC,111,53,58,111,ITG,ITG1,19,Sicilia
2024-02-08,ABR,7,2,5,7,ITF,ITF1,13,Abruzzo
2023-11-21,EMR,5974,2853,3121,5974,ITH,ITH5,8,Emilia-Romagna
2023-12-18,TOS,2890,1380,1510,2890,ITI,ITI1,9,Toscana
2023-11-26,SIC,29,17,12,29,ITG,ITG1,19,Sicilia
2023-11-17,LIG,689,350,339,689,ITC,ITC3,7,Liguria
2023-10-10,CAM,64,39,25,64,ITF,ITF3,15,Campania
2023-10-06,LAZ,69,40,29,69,ITI,ITI4,12,Lazio
2023-11-29,MOL,145,83,62,145,ITF,ITF2,14,Molise
2024-01-14,PUG,17,9,8,17,ITF,ITF4,16,Puglia
2024-02-04,PUG,6,3,3,6,ITF,ITF4,16,Puglia
2024-02-24,LAZ,16,6,10,16,ITI,ITI4,12,Lazio
2024-01-25,BAS,16,8,8,16,ITF,ITF5,17,Basilicata
2024-07-01,PIE,7,1,6,7,ITC,ITC1,1,Piemonte
2024-08-27,VEN,1,0,1,1,ITH,ITH3,5,Veneto
2024-04-08,LAZ,3,1,2,3,ITI,ITI4,12,Lazio
2024-05-31,VEN,13,1,12,13,ITH,ITH3,5,Veneto
2024-04-11,LIG,6,4,2,6,ITC,ITC3,7,Liguria
2024-02-10,FVG,2,1,1,2,ITH,ITH4,6,Friuli-Venezia Giulia
2024-03-01,SAR,7,4,3,7,ITG,ITG2,20,Sardegna
2024-08-22,LAZ,2,1,1,2,ITI,ITI4,12,Lazio
2024-08-08,SIC,5,3,2,5,ITG,ITG1,19,Sicilia
2024-03-13,CAM,12,9,3,12,ITF,ITF3,15,Campania
2024-01-26,MOL,3,1,2,3,ITF,ITF2,14,Molise
2024-06-18,SIC,1,0,1,1,ITG,ITG1,19,Sicilia
2024-04-30,MAR,1,0,1,1,ITI,ITI3,11,Marche
2024-03-02,UMB,1,0,1,1,ITI,ITI2,10,Umbria
2024-03-26,BAS,1,1,0,1,ITF,ITF5,17,Basilicata
2023-11-15,SAR,589,308,281,589,ITG,ITG2,20,Sardegna
2024-02-22,CAM,27,13,14,27,ITF,ITF3,15,Campania
2024-01-03,SIC,550,299,251,550,ITG,ITG1,19,Sicilia
2023-11-08,PIE,3152,1535,1617,3152,ITC,ITC1,1,Piemonte
2023-11-22,BAS,53,28,25,53,ITF,ITF5,17,Basilicata
2024-03-11,SIC,9,5,4,9,ITG,ITG1,19,Sicilia
2023-10-04,SAR,24,10,14,24,ITG,ITG2,20,Sardegna
2023-10-10,LIG,61,16,45,61,ITC,ITC3,7,Liguria
2023-12-19,UMB,538,279,259,538,ITI,ITI2,10,Umbria
2023-10-21,EMR,1060,514,546,1060,ITH,ITH5,8,Emilia-Romagna
2023-12-26,SIC,6,3,3,6,ITG,ITG1,19,Sicilia
2023-12-02,VEN,1969,986,983,1969,ITH,ITH3,5,Veneto
2023-11-17,LOM,9101,4197,4904,9101,ITC,ITC4,3,Lombardia
2024-02-07,EMR,169,82,87,169,ITH,ITH5,8,Emilia-Romagna
2023-12-08,ABR,12,5,7,12,ITF,ITF1,13,Abruzzo
2024-01-12,FVG,596,254,342,596,ITH,ITH4,6,Friuli-Venezia Giulia
2023-11-27,VDA,70,35,35,70,ITC,ITC2,2,Valle d'Aosta / Vallée d'Aoste
2024-02-15,BAS,11,7,4,11,ITF,ITF5,17,Basilicata
2024-02-17,MAR,6,1,5,6,ITI,ITI3,11,Marche
2024-01-11,VEN,1276,652,624,1276,ITH,ITH3,5,Veneto
2023-12-23,CAM,150,79,71,150,ITF,ITF3,15,Campania
2024-01-19,ABR,153,76,77,153,ITF,ITF1,13,Abruzzo
2024-03-26,LAZ,15,9,6,15,ITI,ITI4,12,Lazio
2024-07-24,VEN,18,4,14,18,ITH,ITH3,5,Veneto
2024-04-17,VEN,34,13,21,34,ITH,ITH3,5,Veneto
2023-12-18,PIE,2554,1262,1292,2554,ITC,ITC1,1,Piemonte
2024-01-25,LAZ,857,394,463,857,ITI,ITI4,12,Lazio
2024-01-14,CAL,9,6,3,9,ITF,ITF6,18,Calabria
2023-10-25,LIG,624,294,330,624,ITC,ITC3,7,Liguria
2024-03-01,VEN,62,29,33,62,ITH,ITH3,5,Veneto
2024-04-11,CAM,2,1,1,2,ITF,ITF3,15,Campania
2023-12-31,PIE,17,8,9,17,ITC,ITC1,1,Piemonte
2024-01-09,PUG,710,371,339,710,ITF,ITF4,16,Puglia
2023-11-06,LAZ,1580,804,776,1580,ITI,ITI4,12,Lazio
2023-10-26,ABR,222,123,99,222,ITF,ITF1,13,Abruzzo
2023-11-26,LAZ,12,4,8,12,ITI,ITI4,12,Lazio
2024-02-28,TOS,32,14,18,32,ITI,ITI1,9,Toscana
2024-02-20,BAS,14,7,7,14,ITF,ITF5,17,Basilicata
2024-02-26,ABR,3,3,0,3,ITF,ITF1,13,Abruzzo
2024-01-21,LAZ,746,357,389,746,ITI,ITI4,12,Lazio
2024-02-13,PAT,47,14,33,47,ITH,ITH2,4,Provincia Autonoma Trento
2023-10-27,PIE,2151,1044,1107,2151,ITC,ITC1,1,Piemonte
2023-10-13,FVG,40,18,22,40,ITH,ITH4,6,Friuli-Venezia Giulia
2023-11-17,CAL,96,46,50,96,ITF,ITF6,18,Calabria
2024-03-21,LAZ,32,16,16,32,ITI,ITI4,12,Lazio
2024-01-29,CAM,77,36,41,77,ITF,ITF3,15,Campania
2023-11-30,LAZ,3643,1819,1824,3643,ITI,ITI4,12,Lazio
2023-11-11,UMB,371,172,199,371,ITI,ITI2,10,Umbria
2023-10-28,SIC,10,3,7,10,ITG,ITG1,19,Sicilia
2024-01-09,SAR,834,433,401,834,ITG,ITG2,20,Sardegna
2023-11-25,FVG,668,350,318,668,ITH,ITH4,6,Friuli-Venezia Giulia
2024-01-08,SIC,366,192,174,366,ITG,ITG1,19,Sicilia
2023-12-21,BAS,473,271,202,473,ITF,ITF5,17,Basilicata
2023-12-07,PIE,3451,1644,1807,3451,ITC,ITC1,1,Piemonte
2023-10-30,VDA,103,55,48,103,ITC,ITC2,2,Valle d'Aosta / Vallée d'Aoste
2023-12-07,UMB,523,268,255,523,ITI,ITI2,10,Umbria
2023-11-24,MOL,37,23,14,37,ITF,ITF2,14,Molise
2023-12-04,LIG,836,393,443,836,ITC,ITC3,7,Liguria
2023-11-17,CAM,480,263,217,480,ITF,ITF3,15,Campania
2024-01-17,CAL,150,65,85,150,ITF,ITF6,18,Calabria
2023-12-28,CAM,932,508,424,932,ITF,ITF3,15,Campania
2024-02-12,SIC,30,17,13,30,ITG,ITG1,19,Sicilia
2023-11-27,EMR,3708,1741,1967,3708,ITH,ITH5,8,Emilia-Romagna
2024-01-23,PUG,279,142,137,279,ITF,ITF4,16,Puglia
2024-01-11,UMB,292,127,165,292,ITI,ITI2,10,Umbria
2023-10-15,TOS,15,9,6,15,ITI,ITI1,9,Toscana
2023-10-20,VDA,150,71,79,150,ITC,ITC2,2,Valle d'Aosta / Vallée d'Aoste
2024-02-01,LAZ,354,148,206,354,ITI,ITI4,12,Lazio
2023-09-29,LIG,86,27,59,86,ITC,ITC3,7,Liguria
2023-12-30,SIC,119,64,55,119,ITG,ITG1,19,Sicilia
2023-10-11,PIE,136,70,66,136,ITC,ITC1,1,Piemonte
2024-01-17,CAM,403,213,190,403,ITF,ITF3,15,Campania
2023-10-15,LAZ,61,26,35,61,ITI,ITI4,12,Lazio
2023-12-31,CAM,17,8,9,17,ITF,ITF3,15,Campania
2023-11-16,PAT,660,334,326,660,ITH,ITH2,4,Provincia Autonoma Trento
2024-08-13,SIC,2,1,1,2,ITG,ITG1,19,Sicilia
2024-01-20,LAZ,1278,596,682,1278,ITI,ITI4,12,Lazio
2023-10-18,VEN,240,65,175,240,ITH,ITH3,5,Veneto
2023-10-20,MAR,519,270,249,519,ITI,ITI3,11,Marche
2024-08-09,VEN,15,9,6,15,ITH,ITH3,5,Veneto
2023-10-25,FVG,690,334,356,690,ITH,ITH4,6,Friuli-Venezia Giulia
2024-02-05,SIC,10,7,3,10,ITG,ITG1,19,Sicilia
2024-04-16,LOM,31,14,17,31,ITC,ITC4,3,Lombardia
2024-08-30,VEN,10,6,4,10,ITH,ITH3,5,Veneto
2024-01-29,PIE,211,86,125,211,ITC,ITC1,1,Piemonte
2023-11-11,VEN,2451,1230,1221,2451,ITH,ITH3,5,Veneto
2023-12-23,PIE,1106,576,530,1106,ITC,ITC1,1,Piemonte
2024-05-28,LAZ,3,0,3,3,ITI,ITI4,12,Lazio
2023-10-18,LOM,5862,2954,2908,5862,ITC,ITC4,3,Lombardia
2024-08-14,UMB,1,0,1,1,ITI,ITI2,10,Umbria
2024-04-09,EMR,13,5,8,13,ITH,ITH5,8,Emilia-Romagna
2023-10-19,LAZ,363,170,193,363,ITI,ITI4,12,Lazio
2024-03-01,UMB,7,4,3,7,ITI,ITI2,10,Umbria
2024-07-25,PUG,1,0,1,1,ITF,ITF4,16,Puglia
2024-04-23,CAL,4,2,2,4,ITF,ITF6,18,Calabria
2023-12-26,BAS,6,3,3,6,ITF,ITF5,17,Basilicata
2024-08-06,SAR,2,1,1,2,ITG,ITG2,20,Sardegna
2024-05-27,LAZ,3,2,1,3,ITI,ITI4,12,Lazio
2024-02-07,VEN,164,82,82,164,ITH,ITH3,5,Veneto
2023-10-30,UMB,321,160,161,321,ITI,ITI2,10,Umbria
2024-04-04,LAZ,6,5,1,6,ITI,ITI4,12,Lazio
2023-11-18,LOM,6336,2998,3338,6336,ITC,ITC4,3,Lombardia
2024-01-16,LOM,2312,1038,1274,2312,ITC,ITC4,3,Lombardia
2023-11-30,ABR,438,228,210,438,ITF,ITF1,13,Abruzzo
2023-11-11,VDA,81,33,48,81,ITC,ITC2,2,Valle d'Aosta / Vallée d'Aoste
2024-02-02,MAR,29,15,14,29,ITI,ITI3,11,Marche
2024-02-17,EMR,6,4,2,6,ITH,ITH5,8,Emilia-Romagna
2024-02-26,PIE,23,11,12,23,ITC,ITC1,1,Piemonte
2024-04-08,PIE,8,5,3,8,ITC,ITC1,1,Piemonte
2023-10-10,LAZ,201,115,86,201,ITI,ITI4,12,Lazio
2024-01-25,MAR,126,55,71,126,ITI,ITI3,11,Marche
2023-11-04,VDA,109,57,52,109,ITC,ITC2,2,Valle d'Aosta / Vallée d'Aoste
2024-02-06,CAM,75,36,39,75,ITF,ITF3,15,Campania
2023-10-20,EMR,2242,1091,1151,2242,ITH,ITH5,8,Emilia-Romagna
2023-11-16,EMR,6813,3227,3586,6813,ITH,ITH5,8,Emilia-Romagna
2024-01-19,CAL,65,38,27,65,ITF,ITF6,18,Calabria
2024-04-17,EMR,26,9,17,26,ITH,ITH5,8,Emilia-Romagna
2024-01-09,TOS,835,397,438,835,ITI,ITI1,9,Toscana
2023-12-30,PIE,781,399,382,781,ITC,ITC1,1,Piemonte
2024-01-15,LOM,2082,957,1125,2082,ITC,ITC4,3,Lombardia
2024-07-30,LAZ,11,7,4,11,ITI,ITI4,12,Lazio
2024-02-21,VDA,5,3,2,5,ITC,ITC2,2,Valle d'Aosta / Vallée d'Aoste
2023-12-22,LAZ,3364,1670,1694,3364,ITI,ITI4,12,Lazio
2023-10-19,VDA,114,59,55,114,ITC,ITC2,2,Valle d'Aosta / Vallée d'Aoste
2024-01-08,PIE,776,391,385,776,ITC,ITC1,1,Piemonte
2023-11-24,PAB,190,98,92,190,ITH,ITH1,4,Provincia Autonoma Bolzano / Bozen
2023-10-03,CAM,29,18,11,29,ITF,ITF3,15,Campania
2024-02-14,SAR,111,60,51,111,ITG,ITG2,20,Sardegna
2023-10-26,PAT,609,294,315,609,ITH,ITH2,4,Provincia Autonoma Trento
2023-12-19,ABR,747,377,370,747,ITF,ITF1,13,Abruzzo
2024-02-13,CAL,15,7,8,15,ITF,ITF6,18,Calabria
2023-12-10,LIG,12,5,7,12,ITC,ITC3,7,Liguria
2023-12-14,PUG,3355,1699,1656,3355,ITF,ITF4,16,Puglia
2023-11-04,ABR,49,29,20,49,ITF,ITF1,13,Abruzzo
2023-11-06,ABR,184,103,81,184,ITF,ITF1,13,Abruzzo
2024-04-09,VEN,13,7,6,13,ITH,ITH3,5,Veneto
2023-10-14,PAB,21,7,14,21,ITH,ITH1,4,Provincia Autonoma Bolzano / Bozen
2024-01-05,SIC,430,214,216,430,ITG,ITG1,19,Sicilia
2023-10-20,LAZ,751,377,374,751,ITI,ITI4,12,Lazio
2023-11-11,PIE,1881,936,945,1881,ITC,ITC1,1,Piemonte
2024-02-29,SAR,79,40,39,79,ITG,ITG2,20,Sardegna
2023-12-29,FVG,836,409,427,836,ITH,ITH4,6,Friuli-Venezia Giulia
2023-10-11,LOM,451,173,278,451,ITC,ITC4,3,Lombardia
2024-01-25,ABR,62,27,35,62,ITF,ITF1,13,Abruzzo
2023-12-05,PAB,377,179,198,377,ITH,ITH1,4,Provincia Autonoma Bolzano / Bozen
2024-02-26,LAZ,46,15,31,46,ITI,ITI4,12,Lazio
2023-10-19,MAR,370,177,193,370,ITI,ITI3,11,Marche
2024-04-02,PUG,8,3,5,8,ITF,ITF4,16,Puglia
2023-10-18,PIE,420,219,201,420,ITC,ITC1,1,Piemonte
2024-02-23,LOM,180,71,109,180,ITC,ITC4,3,Lombardia
2023-10-27,LOM,9158,4353,4805,9158,ITC,ITC4,3,Lombardia
2024-01-16,ABR,163,79,84,163,ITF,ITF1,13,Abruzzo
2024-03-01,EMR,43,22,21,43,ITH,ITH5,8,Emilia-Romagna
2023-10-17,SAR,130,65,65,130,ITG,ITG2,20,Sardegna
2024-03-18,SAR,8,3,5,8,ITG,ITG2,20,Sardegna
2024-02-27,SIC,35,14,21,35,ITG,ITG1,19,Sicilia
2023-12-13,CAM,1608,872,736,1608,ITF,ITF3,15,Campania
2024-01-24,SIC,292,144,148,292,ITG,ITG1,19,Sicilia
2024-02-01,ABR,20,9,11,20,ITF,ITF1,13,Abruzzo
2023-11-02,UMB,417,218,199,417,ITI,ITI2,10,Umbria
2024-04-22,LOM,53,7,46,53,ITC,ITC4,3,Lombardia
2023-11-15,TOS,6262,2885,3377,6262,ITI,ITI1,9,Toscana
2023-11-11,ABR,87,51,36,87,ITF,ITF1,13,Abruzzo
2024-05-30,VEN,4,2,2,4,ITH,ITH3,5,Veneto
2023-11-04,PIE,1381,679,702,1381,ITC,ITC1,1,Piemonte
2023-10-17,MAR,231,109,122,231,ITI,ITI3,11,Marche
2024-01-07,CAM,36,18,18,36,ITF,ITF3,15,Campania
2023-11-24,LIG,584,283,301,584,ITC,ITC3,7,Liguria
2023-12-23,MAR,15,10,5,15,ITI,ITI3,11,Marche
2024-02-03,FVG,6,2,4,6,ITH,ITH4,6,Friuli-Venezia Giulia
2023-12-28,SIC,863,461,402,863,ITG,ITG1,19,Sicilia
2023-11-27,UMB,376,194,182,376,ITI,ITI2,10,Umbria
2023-12-12,SAR,954,483,471,954,ITG,ITG2,20,Sardegna
2024-02-19,SAR,96,45,51,96,ITG,ITG2,20,Sardegna
2024-02-21,ABR,19,10,9,19,ITF,ITF1,13,Abruzzo
2023-11-21,SAR,499,243,256,499,ITG,ITG2,20,Sardegna
2024-02-01,LOM,382,156,226,382,ITC,ITC4,3,Lombardia
2023-12-08,UMB,18,7,11,18,ITI,ITI2,10,Umbria
2024-02-13,MAR,8,4,4,8,ITI,ITI3,11,Marche
2023-11-28,FVG,1264,613,651,1264,ITH,ITH4,6,Friuli-Venezia Giulia
2024-02-27,VEN,10,4,6,10,ITH,ITH3,5,Veneto
2024-03-04,LIG,4,3,1,4,ITC,ITC3,7,Liguria
2024-02-11,EMR,4,2,2,4,ITH,ITH5,8,Emilia-Romagna
2024-01-26,CAL,60,36,24,60,ITF,ITF6,18,Calabria
2023-12-18,CAL,627,350,277,627,ITF,ITF6,18,Calabria
2023-11-23,SAR,607,328,279,607,ITG,ITG2,20,Sardegna
2024-02-12,CAM,20,11,9,20,ITF,ITF3,15,Campania
2024-07-10,LAZ,1,1,0,1,ITI,ITI4,12,Lazio
2023-11-20,CAM,441,257,184,441,ITF,ITF3,15,Campania
2024-03-15,SIC,4,3,1,4,ITG,ITG1,19,Sicilia
2024-07-15,CAM,1,1,0,1,ITF,ITF3,15,Campania
2024-08-28,PUG,2,1,1,2,ITF,ITF4,16,Puglia
2024-08-12,SAR,2,1,1,2,ITG,ITG2,20,Sardegna
2023-10-10,FVG,48,25,23,48,ITH,ITH4,6,Friuli-Venezia Giulia
2024-09-04,SIC,5,3,2,5,ITG,ITG1,19,Sicilia
2024-09-10,LAZ,2,1,1,2,ITI,ITI4,12,Lazio
2024-02-13,ABR,9,5,4,9,ITF,ITF1,13,Abruzzo
2024-09-09,VEN,8,5,3,8,ITH,ITH3,5,Veneto
2024-08-29,SIC,1,1,0,1,ITG,ITG1,19,Sicilia
2024-07-11,LAZ,6,4,2,6,ITI,ITI4,12,Lazio
2024-03-05,TOS,16,8,8,16,ITI,ITI1,9,Toscana
2024-05-15,SAR,1,1,0,1,ITG,ITG2,20,Sardegna
2024-02-02,MOL,5,4,1,5,ITF,ITF2,14,Molise
2024-03-16,LAZ,2,1,1,2,ITI,ITI4,12,Lazio
2023-12-31,CAL,4,1,3,4,ITF,ITF6,18,Calabria
2024-08-27,TOS,2,1,1,2,ITI,ITI1,9,Toscana
2024-05-22,ABR,1,0,1,1,ITF,ITF1,13,Abruzzo
2024-04-19,TOS,1,1,0,1,ITI,ITI1,9,Toscana
2024-06-14,CAM,1,1,0,1,ITF,ITF3,15,Campania
2023-12-03,PAT,9,6,3,9,ITH,ITH2,4,Provincia Autonoma Trento
2023-10-11,VEN,6,2,4,6,ITH,ITH3,5,Veneto
2024-01-23,MOL,7,1,6,7,ITF,ITF2,14,Molise
2024-02-18,LAZ,6,1,5,6,ITI,ITI4,12,Lazio
2024-06-26,VEN,2,1,1,2,ITH,ITH3,5,Veneto
2024-04-17,PAT,4,2,2,4,ITH,ITH2,4,Provincia Autonoma Trento
2024-05-10,TOS,5,1,4,5,ITI,ITI1,9,Toscana
2023-10-29,SIC,3,2,1,3,ITG,ITG1,19,Sicilia
2024-08-29,PIE,3,2,1,3,ITC,ITC1,1,Piemonte
2024-07-19,LIG,1,0,1,1,ITC,ITC3,7,Liguria
2024-07-19,FVG,1,1,0,1,ITH,ITH4,6,Friuli-Venezia Giulia
2024-07-23,EMR,1,1,0,1,ITH,ITH5,8,Emilia-Romagna
2024-05-02,LAZ,4,2,2,4,ITI,ITI4,12,Lazio
2024-01-21,TOS,1,0,1,1,ITI,ITI1,9,Toscana
2024-04-26,EMR,4,2,2,4,ITH,ITH5,8,Emilia-Romagna
2024-02-26,MAR,2,2,0,2,ITI,ITI3,11,Marche
2024-07-05,LAZ,2,1,1,2,ITI,ITI4,12,Lazio
2024-02-24,BAS,1,0,1,1,ITF,ITF5,17,Basilicata
2024-05-03,CAL,1,0,1,1,ITF,ITF6,18,Calabria
2024-06-12,PUG,1,1,0,1,ITF,ITF4,16,Puglia
2024-06-21,VDA,1,0,1,1,ITC,ITC2,2,Valle d'Aosta / Vallée d'Aoste
2024-01-14,PAT,1,1,0,1,ITH,ITH2,4,Provincia Autonoma Trento
2024-07-30,ABR,1,1,0,1,ITF,ITF1,13,Abruzzo
2023-12-05,LOM,10173,4838,5335,10173,ITC,ITC4,3,Lombardia
2023-12-22,LOM,7781,3788,3993,7781,ITC,ITC4,3,Lombardia
2024-06-20,TOS,4,3,1,4,ITI,ITI1,9,Toscana
2024-04-15,VEN,10,7,3,10,ITH,ITH3,5,Veneto
2024-01-21,VEN,3,1,2,3,ITH,ITH3,5,Veneto
2024-05-10,VEN,35,18,17,35,ITH,ITH3,5,Veneto
2024-01-29,LIG,123,46,77,123,ITC,ITC3,7,Liguria
2024-04-22,PUG,6,3,3,6,ITF,ITF4,16,Puglia
2023-10-27,PUG,1021,536,485,1021,ITF,ITF4,16,Puglia
2023-10-11,PUG,217,111,106,217,ITF,ITF4,16,Puglia
2024-02-28,PAT,14,4,10,14,ITH,ITH2,4,Provincia Autonoma Trento
2023-11-12,LAZ,200,90,110,200,ITI,ITI4,12,Lazio
2023-12-07,FVG,970,463,507,970,ITH,ITH4,6,Friuli-Venezia Giulia
2024-01-06,EMR,36,17,19,36,ITH,ITH5,8,Emilia-Romagna
2023-10-09,LAZ,128,81,47,128,ITI,ITI4,12,Lazio
2023-11-14,SAR,543,274,269,543,ITG,ITG2,20,Sardegna
2023-11-29,PUG,2041,994,1047,2041,ITF,ITF4,16,Puglia
2023-11-16,SAR,502,246,256,502,ITG,ITG2,20,Sardegna
2024-03-20,TOS,13,6,7,13,ITI,ITI1,9,Toscana
2023-10-17,CAM,314,180,134,314,ITF,ITF3,15,Campania
2024-02-12,MOL,1,1,0,1,ITF,ITF2,14,Molise
2024-01-29,FVG,148,74,74,148,ITH,ITH4,6,Friuli-Venezia Giulia
2024-02-23,SIC,43,21,22,43,ITG,ITG1,19,Sicilia
2024-03-18,CAM,5,2,3,5,ITF,ITF3,15,Campania
2023-12-17,SIC,50,21,29,50,ITG,ITG1,19,Sicilia
2024-01-22,MAR,64,29,35,64,ITI,ITI3,11,Marche
2023-11-13,CAM,335,178,157,335,ITF,ITF3,15,Campania
2023-11-10,CAM,327,186,141,327,ITF,ITF3,15,Campania
2023-10-27,SAR,175,81,94,175,ITG,ITG2,20,Sardegna
2024-05-16,CAL,2,1,1,2,ITF,ITF6,18,Calabria
2024-08-29,FVG,6,1,5,6,ITH,ITH4,6,Friuli-Venezia Giulia
2023-12-05,VDA,72,37,35,72,ITC,ITC2,2,Valle d'Aosta / Vallée d'Aoste
2024-05-10,UMB,2,1,1,2,ITI,ITI2,10,Umbria
2024-03-08,TOS,15,0,15,15,ITI,ITI1,9,Toscana
2023-12-06,TOS,5717,2686,3031,5717,ITI,ITI1,9,Toscana
2024-01-08,MOL,75,34,41,75,ITF,ITF2,14,Molise
2024-02-24,TOS,36,19,17,36,ITI,ITI1,9,Toscana
2023-11-15,CAL,230,138,92,230,ITF,ITF6,18,Calabria
2023-12-19,FVG,1308,629,679,1308,ITH,ITH4,6,Friuli-Venezia Giulia
2024-01-26,PUG,333,175,158,333,ITF,ITF4,16,Puglia
2024-03-22,MAR,5,2,3,5,ITI,ITI3,11,Marche
2023-11-23,CAM,500,271,229,500,ITF,ITF3,15,Campania
2024-02-21,FVG,14,6,8,14,ITH,ITH4,6,Friuli-Venezia Giulia
2024-04-04,LOM,33,11,22,33,ITC,ITC4,3,Lombardia
2024-02-07,BAS,37,20,17,37,ITF,ITF5,17,Basilicata
2024-07-25,EMR,7,4,3,7,ITH,ITH5,8,Emilia-Romagna
2023-12-27,LOM,5004,2467,2537,5004,ITC,ITC4,3,Lombardia
2023-11-13,PIE,1961,901,1060,1961,ITC,ITC1,1,Piemonte
2024-01-27,TOS,122,56,66,122,ITI,ITI1,9,Toscana
2023-12-18,PUG,2331,1189,1142,2331,ITF,ITF4,16,Puglia
2023-12-05,EMR,5611,2708,2903,5611,ITH,ITH5,8,Emilia-Romagna
2024-02-05,MOL,4,2,2,4,ITF,ITF2,14,Molise
2023-09-27,EMR,1,1,0,1,ITH,ITH5,8,Emilia-Romagna
2024-06-14,PUG,1,0,1,1,ITF,ITF4,16,Puglia
2023-12-23,FVG,51,27,24,51,ITH,ITH4,6,Friuli-Venezia Giulia
2024-08-20,LIG,3,2,1,3,ITC,ITC3,7,Liguria
2023-11-08,FVG,1060,513,547,1060,ITH,ITH4,6,Friuli-Venezia Giulia
2024-03-18,PIE,25,12,13,25,ITC,ITC1,1,Piemonte
2023-12-05,ABR,617,294,323,617,ITF,ITF1,13,Abruzzo
2023-12-21,TOS,7308,3660,3648,7308,ITI,ITI1,9,Toscana
2023-10-06,TOS,228,103,125,228,ITI,ITI1,9,Toscana
2023-10-17,PIE,384,190,194,384,ITC,ITC1,1,Piemonte
2023-12-21,LAZ,5128,2468,2660,5128,ITI,ITI4,12,Lazio
2024-04-05,UMB,5,5,0,5,ITI,ITI2,10,Umbria
2023-11-01,TOS,129,52,77,129,ITI,ITI1,9,Toscana
2024-01-15,SIC,206,98,108,206,ITG,ITG1,19,Sicilia
2023-11-10,CAL,66,31,35,66,ITF,ITF6,18,Calabria
2023-11-27,BAS,41,23,18,41,ITF,ITF5,17,Basilicata
2024-05-20,LAZ,7,4,3,7,ITI,ITI4,12,Lazio
2023-11-05,PIE,68,26,42,68,ITC,ITC1,1,Piemonte
2023-11-18,SIC,62,30,32,62,ITG,ITG1,19,Sicilia
2023-11-09,LAZ,2327,1099,1228,2327,ITI,ITI4,12,Lazio
2023-10-10,LOM,582,257,325,582,ITC,ITC4,3,Lombardia
2024-04-04,VEN,24,11,13,24,ITH,ITH3,5,Veneto
2024-01-23,VEN,496,236,260,496,ITH,ITH3,5,Veneto
2023-12-28,LIG,1256,617,639,1256,ITC,ITC3,7,Liguria
2023-12-14,CAM,1439,784,655,1439,ITF,ITF3,15,Campania
2024-01-13,TOS,253,110,143,253,ITI,ITI1,9,Toscana
2024-01-05,PAB,12,5,7,12,ITH,ITH1,4,Provincia Autonoma Bolzano / Bozen
2024-03-16,PIE,11,7,4,11,ITC,ITC1,1,Piemonte
2024-02-15,MOL,3,1,2,3,ITF,ITF2,14,Molise
2024-03-13,LOM,94,37,57,94,ITC,ITC4,3,Lombardia
2024-01-13,LAZ,935,459,476,935,ITI,ITI4,12,Lazio
2023-12-22,CAM,461,250,211,461,ITF,ITF3,15,Campania
2023-10-28,MOL,42,12,30,42,ITF,ITF2,14,Molise
2023-12-27,CAL,278,154,124,278,ITF,ITF6,18,Calabria
2024-03-13,CAL,16,7,9,16,ITF,ITF6,18,Calabria
2024-02-16,TOS,33,14,19,33,ITI,ITI1,9,Toscana
2023-11-08,PUG,1684,846,838,1684,ITF,ITF4,16,Puglia
2023-11-07,CAM,344,206,138,344,ITF,ITF3,15,Campania
2024-07-10,CAM,2,1,1,2,ITF,ITF3,15,Campania
2023-11-23,PIE,3219,1486,1733,3219,ITC,ITC1,1,Piemonte
2024-02-21,MAR,1,0,1,1,ITI,ITI3,11,Marche
2024-03-13,FVG,2,1,1,2,ITH,ITH4,6,Friuli-Venezia Giulia
2024-03-28,LIG,1,1,0,1,ITC,ITC3,7,Liguria
2024-07-17,LIG,1,1,0,1,ITC,ITC3,7,Liguria
2024-05-23,PIE,1,0,1,1,ITC,ITC1,1,Piemonte
2024-07-11,PUG,1,0,1,1,ITF,ITF4,16,Puglia
2023-10-18,TOS,1080,521,559,1080,ITI,ITI1,9,Toscana
2023-12-26,ABR,4,2,2,4,ITF,ITF1,13,Abruzzo
2024-02-15,ABR,11,6,5,11,ITF,ITF1,13,Abruzzo
2023-11-07,PIE,2560,1199,1361,2560,ITC,ITC1,1,Piemonte
2023-11-09,LOM,10383,4875,5508,10383,ITC,ITC4,3,Lombardia
2023-10-24,PAT,593,268,325,593,ITH,ITH2,4,Provincia Autonoma Trento
2024-02-28,LOM,160,62,98,160,ITC,ITC4,3,Lombardia
2024-03-07,LOM,101,34,67,101,ITC,ITC4,3,Lombardia
2024-01-20,CAM,82,39,43,82,ITF,ITF3,15,Campania
2023-12-18,SAR,802,399,403,802,ITG,ITG2,20,Sardegna
2023-11-23,CAL,114,67,47,114,ITF,ITF6,18,Calabria
2023-11-01,MAR,34,12,22,34,ITI,ITI3,11,Marche
2023-11-05,VEN,49,30,19,49,ITH,ITH3,5,Veneto
2024-01-17,LAZ,1897,849,1048,1897,ITI,ITI4,12,Lazio
2024-02-13,LIG,130,62,68,130,ITC,ITC3,7,Liguria
2023-11-15,EMR,6960,3304,3656,6960,ITH,ITH5,8,Emilia-Romagna
2024-01-23,EMR,652,308,344,652,ITH,ITH5,8,Emilia-Romagna
2023-12-06,MOL,240,128,112,240,ITF,ITF2,14,Molise
2024-04-05,SIC,7,2,5,7,ITG,ITG1,19,Sicilia
2024-01-21,BAS,2,2,0,2,ITF,ITF5,17,Basilicata
2024-01-31,LOM,662,296,366,662,ITC,ITC4,3,Lombardia
2024-02-09,VEN,102,49,53,102,ITH,ITH3,5,Veneto
2024-01-29,LAZ,347,160,187,347,ITI,ITI4,12,Lazio
2023-10-13,ABR,79,39,40,79,ITF,ITF1,13,Abruzzo
2023-10-13,CAL,6,4,2,6,ITF,ITF6,18,Calabria
2023-11-19,TOS,215,96,119,215,ITI,ITI1,9,Toscana
2023-10-26,SIC,57,28,29,57,ITG,ITG1,19,Sicilia
2023-10-12,PAB,565,292,273,565,ITH,ITH1,4,Provincia Autonoma Bolzano / Bozen
2024-06-13,TOS,1,0,1,1,ITI,ITI1,9,Toscana
2023-12-10,LOM,619,299,320,619,ITC,ITC4,3,Lombardia
2023-12-15,LAZ,4379,2061,2318,4379,ITI,ITI4,12,Lazio
2024-01-02,PUG,499,249,250,499,ITF,ITF4,16,Puglia
2023-11-28,LAZ,3329,1634,1695,3329,ITI,ITI4,12,Lazio
2024-01-26,LIG,177,77,100,177,ITC,ITC3,7,Liguria
2024-02-20,LAZ,82,42,40,82,ITI,ITI4,12,Lazio
2023-12-03,PUG,78,42,36,78,ITF,ITF4,16,Puglia
2023-11-06,BAS,6,3,3,6,ITF,ITF5,17,Basilicata
2024-02-10,PUG,12,5,7,12,ITF,ITF4,16,Puglia
2023-11-02,LAZ,1394,663,731,1394,ITI,ITI4,12,Lazio
2023-10-16,PAB,151,73,78,151,ITH,ITH1,4,Provincia Autonoma Bolzano / Bozen
2023-12-26,LOM,111,44,67,111,ITC,ITC4,3,Lombardia
2024-04-03,SAR,4,2,2,4,ITG,ITG2,20,Sardegna
2024-02-28,VEN,44,16,28,44,ITH,ITH3,5,Veneto
2023-11-17,FVG,1350,660,690,1350,ITH,ITH4,6,Friuli-Venezia Giulia
2023-12-09,LOM,3917,2000,1917,3917,ITC,ITC4,3,Lombardia
2024-01-18,EMR,937,429,508,937,ITH,ITH5,8,Emilia-Romagna
2024-03-15,PUG,24,12,12,24,ITF,ITF4,16,Puglia
2024-01-03,LOM,2021,957,1064,2021,ITC,ITC4,3,Lombardia
2023-11-27,SAR,546,277,269,546,ITG,ITG2,20,Sardegna
2024-01-31,CAM,121,56,65,121,ITF,ITF3,15,Campania
2023-11-21,UMB,603,285,318,603,ITI,ITI2,10,Umbria
2024-03-06,PUG,14,8,6,14,ITF,ITF4,16,Puglia
2023-10-31,ABR,179,103,76,179,ITF,ITF1,13,Abruzzo
2023-11-24,CAM,369,208,161,369,ITF,ITF3,15,Campania
2023-11-12,EMR,818,387,431,818,ITH,ITH5,8,Emilia-Romagna
2023-12-28,FVG,1127,565,562,1127,ITH,ITH4,6,Friuli-Venezia Giulia
2023-12-12,CAL,450,249,201,450,ITF,ITF6,18,Calabria
2023-11-26,CAM,19,10,9,19,ITF,ITF3,15,Campania
2023-12-04,SIC,456,241,215,456,ITG,ITG1,19,Sicilia
2023-12-14,SIC,988,514,474,988,ITG,ITG1,19,Sicilia
2024-01-22,CAM,256,131,125,256,ITF,ITF3,15,Campania
2023-12-21,MOL,138,66,72,138,ITF,ITF2,14,Molise
2023-12-15,UMB,772,380,392,772,ITI,ITI2,10,Umbria
2024-01-04,LAZ,2763,1329,1434,2763,ITI,ITI4,12,Lazio
2024-05-16,PIE,7,4,3,7,ITC,ITC1,1,Piemonte
2024-01-12,VDA,40,20,20,40,ITC,ITC2,2,Valle d'Aosta / Vallée d'Aoste
2024-01-18,PAB,27,10,17,27,ITH,ITH1,4,Provincia Autonoma Bolzano / Bozen
2023-10-12,TOS,803,360,443,803,ITI,ITI1,9,Toscana
2023-11-03,CAL,74,35,39,74,ITF,ITF6,18,Calabria
2024-03-18,CAL,2,2,0,2,ITF,ITF6,18,Calabria
2023-11-06,PIE,1620,806,814,1620,ITC,ITC1,1,Piemonte
2024-03-29,LAZ,57,30,27,57,ITI,ITI4,12,Lazio
2024-05-31,EMR,2,1,1,2,ITH,ITH5,8,Emilia-Romagna
2024-01-17,FVG,367,165,202,367,ITH,ITH4,6,Friuli-Venezia Giulia
2023-10-26,PUG,1343,668,675,1343,ITF,ITF4,16,Puglia
2023-10-19,CAM,298,169,129,298,ITF,ITF3,15,Campania
2024-07-01,ABR,1,1,0,1,ITF,ITF1,13,Abruzzo
2024-02-19,UMB,18,10,8,18,ITI,ITI2,10,Umbria
2024-03-25,PIE,5,4,1,5,ITC,ITC1,1,Piemonte
2023-11-09,VEN,2516,1178,1338,2516,ITH,ITH3,5,Veneto
2023-11-13,VEN,1949,933,1016,1949,ITH,ITH3,5,Veneto
2023-10-13,MAR,100,55,45,100,ITI,ITI3,11,Marche
2024-03-22,CAM,4,3,1,4,ITF,ITF3,15,Campania
2024-08-16,SAR,2,1,1,2,ITG,ITG2,20,Sardegna
2023-12-20,TOS,4129,2041,2088,4129,ITI,ITI1,9,Toscana
2023-12-29,LAZ,2390,1181,1209,2390,ITI,ITI4,12,Lazio
2024-06-19,PIE,3,0,3,3,ITC,ITC1,1,Piemonte
2023-11-10,UMB,690,324,366,690,ITI,ITI2,10,Umbria
2023-12-22,VEN,3406,1814,1592,3406,ITH,ITH3,5,Veneto
2024-03-07,MAR,2,0,2,2,ITI,ITI3,11,Marche
2024-03-27,LIG,5,4,1,5,ITC,ITC3,7,Liguria
2024-03-04,CAL,3,1,2,3,ITF,ITF6,18,Calabria
2023-11-01,VDA,1,0,1,1,ITC,ITC2,2,Valle d'Aosta / Vallée d'Aoste
2023-10-02,CAM,4,3,1,4,ITF,ITF3,15,Campania
2024-03-29,TOS,4,2,2,4,ITI,ITI1,9,Toscana
2024-02-26,BAS,1,0,1,1,ITF,ITF5,17,Basilicata
2024-05-29,LAZ,3,2,1,3,ITI,ITI4,12,Lazio
2024-06-28,PIE,5,1,4,5,ITC,ITC1,1,Piemonte
2024-03-07,ABR,2,1,1,2,ITF,ITF1,13,Abruzzo
2024-02-27,FVG,13,5,8,13,ITH,ITH4,6,Friuli-Venezia Giulia
2024-03-27,MAR,2,2,0,2,ITI,ITI3,11,Marche
2024-03-23,SIC,1,1,0,1,ITG,ITG1,19,Sicilia
2024-03-19,PIE,16,7,9,16,ITC,ITC1,1,Piemonte
2024-07-18,CAM,5,3,2,5,ITF,ITF3,15,Campania
2024-07-23,SAR,2,0,2,2,ITG,ITG2,20,Sardegna
2024-09-04,SAR,2,1,1,2,ITG,ITG2,20,Sardegna
2024-07-17,PIE,2,1,1,2,ITC,ITC1,1,Piemonte
2024-03-18,LAZ,23,11,12,23,ITI,ITI4,12,Lazio
2023-12-07,VDA,45,20,25,45,ITC,ITC2,2,Valle d'Aosta / Vallée d'Aoste
2023-12-13,LOM,11373,5521,5852,11373,ITC,ITC4,3,Lombardia
2023-11-16,UMB,800,386,414,800,ITI,ITI2,10,Umbria
2024-03-29,VEN,10,4,6,10,ITH,ITH3,5,Veneto
2024-02-15,CAL,27,7,20,27,ITF,ITF6,18,Calabria
2024-08-30,PIE,2,1,1,2,ITC,ITC1,1,Piemonte
2024-04-17,UMB,3,1,2,3,ITI,ITI2,10,Umbria
2023-12-03,EMR,281,121,160,281,ITH,ITH5,8,Emilia-Romagna
2023-12-11,UMB,458,228,230,458,ITI,ITI2,10,Umbria
2023-10-06,LOM,240,99,141,240,ITC,ITC4,3,Lombardia
2024-01-19,MOL,34,24,10,34,ITF,ITF2,14,Molise
2024-02-06,BAS,6,2,4,6,ITF,ITF5,17,Basilicata
2023-11-07,SAR,168,94,74,168,ITG,ITG2,20,Sardegna
2023-10-11,ABR,54,30,24,54,ITF,ITF1,13,Abruzzo
2024-01-11,VDA,12,8,4,12,ITC,ITC2,2,Valle d'Aosta / Vallée d'Aoste
2023-11-10,LAZ,2557,1221,1336,2557,ITI,ITI4,12,Lazio
2024-03-01,CAM,16,6,10,16,ITF,ITF3,15,Campania
2023-11-20,LOM,8693,4084,4609,8693,ITC,ITC4,3,Lombardia
2023-11-13,PUG,1269,614,655,1269,ITF,ITF4,16,Puglia
2023-11-14,EMR,5950,2835,3115,5950,ITH,ITH5,8,Emilia-Romagna
2023-11-12,CAM,12,5,7,12,ITF,ITF3,15,Campania
2023-11-27,TOS,3690,1749,1941,3690,ITI,ITI1,9,Toscana
2023-11-07,PUG,1331,664,667,1331,ITF,ITF4,16,Puglia
2023-10-20,TOS,2175,1054,1121,2175,ITI,ITI1,9,Toscana
2024-01-08,UMB,108,55,53,108,ITI,ITI2,10,Umbria
2023-11-10,FVG,1102,512,590,1102,ITH,ITH4,6,Friuli-Venezia Giulia
2023-10-25,PUG,1120,550,570,1120,ITF,ITF4,16,Puglia
2024-01-22,LIG,185,78,107,185,ITC,ITC3,7,Liguria
2024-02-08,FVG,87,46,41,87,ITH,ITH4,6,Friuli-Venezia Giulia
2023-12-19,CAL,637,355,282,637,ITF,ITF6,18,Calabria
2023-10-23,VDA,146,67,79,146,ITC,ITC2,2,Valle d'Aosta / Vallée d'Aoste
2024-01-10,PAB,19,10,9,19,ITH,ITH1,4,Provincia Autonoma Bolzano / Bozen
2023-12-27,FVG,778,372,406,778,ITH,ITH4,6,Friuli-Venezia Giulia
2023-12-05,SAR,808,410,398,808,ITG,ITG2,20,Sardegna
2023-10-18,PAT,245,129,116,245,ITH,ITH2,4,Provincia Autonoma Trento
2024-01-05,VEN,1295,655,640,1295,ITH,ITH3,5,Veneto
2023-10-02,FVG,30,18,12,30,ITH,ITH4,6,Friuli-Venezia Giulia
2023-10-12,UMB,6,3,3,6,ITI,ITI2,10,Umbria
2023-11-18,MAR,49,14,35,49,ITI,ITI3,11,Marche
2023-12-06,VEN,4456,2125,2331,4456,ITH,ITH3,5,Veneto
2023-11-17,PAT,419,199,220,419,ITH,ITH2,4,Provincia Autonoma Trento
2024-01-22,FVG,179,76,103,179,ITH,ITH4,6,Friuli-Venezia Giulia
2024-08-27,SIC,1,1,0,1,ITG,ITG1,19,Sicilia
2023-10-24,CAL,45,28,17,45,ITF,ITF6,18,Calabria
2023-12-07,MAR,32,15,17,32,ITI,ITI3,11,Marche
2024-01-23,PAB,11,5,6,11,ITH,ITH1,4,Provincia Autonoma Bolzano / Bozen
2023-10-19,LIG,171,81,90,171,ITC,ITC3,7,Liguria
2024-02-24,CAL,15,9,6,15,ITF,ITF6,18,Calabria
2024-01-20,FVG,19,7,12,19,ITH,ITH4,6,Friuli-Venezia Giulia
2023-10-09,CAM,59,36,23,59,ITF,ITF3,15,Campania
2024-03-07,LIG,20,8,12,20,ITC,ITC3,7,Liguria
2023-11-08,CAM,407,228,179,407,ITF,ITF3,15,Campania
2024-04-26,TOS,3,1,2,3,ITI,ITI1,9,Toscana
2024-02-07,LOM,311,116,195,311,ITC,ITC4,3,Lombardia
2023-12-21,CAM,1824,1039,785,1824,ITF,ITF3,15,Campania
2024-02-04,PIE,5,3,2,5,ITC,ITC1,1,Piemonte
2024-01-24,FVG,210,115,95,210,ITH,ITH4,6,Friuli-Venezia Giulia
2023-12-16,EMR,2725,1388,1337,2725,ITH,ITH5,8,Emilia-Romagna
2023-11-01,CAL,17,9,8,17,ITF,ITF6,18,Calabria
2024-09-09,ABR,1,0,1,1,ITF,ITF1,13,Abruzzo
2023-11-29,EMR,5829,2805,3024,5829,ITH,ITH5,8,Emilia-Romagna
2023-11-25,PUG,297,150,147,297,ITF,ITF4,16,Puglia
2023-11-19,SIC,28,16,12,28,ITG,ITG1,19,Sicilia
2024-04-26,LAZ,4,1,3,4,ITI,ITI4,12,Lazio
2024-01-11,PIE,1603,762,841,1603,ITC,ITC1,1,Piemonte
2023-10-31,CAL,60,30,30,60,ITF,ITF6,18,Calabria
2023-11-19,VEN,96,41,55,96,ITH,ITH3,5,Veneto
2024-01-10,EMR,1441,720,721,1441,ITH,ITH5,8,Emilia-Romagna
2024-01-23,TOS,383,172,211,383,ITI,ITI1,9,Toscana
2023-10-13,LIG,56,18,38,56,ITC,ITC3,7,Liguria
2023-10-29,CAM,2,0,2,2,ITF,ITF3,15,Campania
2023-12-15,PIE,4731,2289,2442,4731,ITC,ITC1,1,Piemonte
2024-03-04,TOS,11,3,8,11,ITI,ITI1,9,Toscana
2024-01-09,BAS,206,114,92,206,ITF,ITF5,17,Basilicata
2023-12-07,ABR,601,293,308,601,ITF,ITF1,13,Abruzzo
2023-12-17,EMR,342,158,184,342,ITH,ITH5,8,Emilia-Romagna
2023-11-20,ABR,264,129,135,264,ITF,ITF1,13,Abruzzo
2024-06-19,PUG,1,0,1,1,ITF,ITF4,16,Puglia
2024-07-31,LIG,2,1,1,2,ITC,ITC3,7,Liguria
2023-11-27,LAZ,2381,1204,1177,2381,ITI,ITI4,12,Lazio
2023-11-05,LAZ,64,22,42,64,ITI,ITI4,12,Lazio
2024-01-02,PAT,65,36,29,65,ITH,ITH2,4,Provincia Autonoma Trento
2023-12-20,SIC,1379,768,611,1379,ITG,ITG1,19,Sicilia
2024-02-21,CAL,28,17,11,28,ITF,ITF6,18,Calabria
2024-07-05,LIG,2,0,2,2,ITC,ITC3,7,Liguria
2024-03-11,CAM,7,4,3,7,ITF,ITF3,15,Campania
2023-11-24,FVG,1183,534,649,1183,ITH,ITH4,6,Friuli-Venezia Giulia
2024-01-11,ABR,267,130,137,267,ITF,ITF1,13,Abruzzo
2023-10-22,PUG,23,9,14,23,ITF,ITF4,16,Puglia
2024-07-25,TOS,11,6,5,11,ITI,ITI1,9,Toscana
2024-03-15,VEN,27,10,17,27,ITH,ITH3,5,Veneto
2024-01-15,ABR,162,72,90,162,ITF,ITF1,13,Abruzzo
2024-02-29,SIC,45,17,28,45,ITG,ITG1,19,Sicilia
2024-03-12,SAR,32,14,18,32,ITG,ITG2,20,Sardegna
2023-11-08,MAR,106,42,64,106,ITI,ITI3,11,Marche
2024-01-25,LIG,318,149,169,318,ITC,ITC3,7,Liguria
2024-01-18,UMB,195,91,104,195,ITI,ITI2,10,Umbria
2024-01-13,BAS,26,13,13,26,ITF,ITF5,17,Basilicata
2024-02-25,CAL,7,5,2,7,ITF,ITF6,18,Calabria
2024-02-23,ABR,12,3,9,12,ITF,ITF1,13,Abruzzo
2024-08-13,VEN,9,6,3,9,ITH,ITH3,5,Veneto
2023-10-03,LOM,167,75,92,167,ITC,ITC4,3,Lombardia
2024-01-29,MAR,47,21,26,47,ITI,ITI3,11,Marche
2023-11-18,ABR,107,59,48,107,ITF,ITF1,13,Abruzzo
2023-11-26,FVG,41,16,25,41,ITH,ITH4,6,Friuli-Venezia Giulia
2024-04-04,TOS,5,1,4,5,ITI,ITI1,9,Toscana
2024-03-15,PAT,1,0,1,1,ITH,ITH2,4,Provincia Autonoma Trento
2024-04-06,EMR,1,0,1,1,ITH,ITH5,8,Emilia-Romagna
2024-02-17,LIG,6,1,5,6,ITC,ITC3,7,Liguria
2024-05-06,SIC,1,1,0,1,ITG,ITG1,19,Sicilia
2024-04-02,SAR,3,2,1,3,ITG,ITG2,20,Sardegna
2024-04-19,SAR,4,3,1,4,ITG,ITG2,20,Sardegna
2023-11-15,LOM,10509,4782,5727,10509,ITC,ITC4,3,Lombardia
2024-08-26,TOS,1,1,0,1,ITI,ITI1,9,Toscana
2024-09-02,LAZ,5,2,3,5,ITI,ITI4,12,Lazio
2023-11-02,LIG,780,389,391,780,ITC,ITC3,7,Liguria
2024-03-20,LAZ,11,3,8,11,ITI,ITI4,12,Lazio
2024-05-31,PAT,1,1,0,1,ITH,ITH2,4,Provincia Autonoma Trento
2024-09-12,LAZ,3,1,2,3,ITI,ITI4,12,Lazio
2024-03-04,VEN,11,3,8,11,ITH,ITH3,5,Veneto
2023-12-10,CAL,1,1,0,1,ITF,ITF6,18,Calabria
2024-05-02,PIE,7,3,4,7,ITC,ITC1,1,Piemonte
2024-01-20,CAL,8,4,4,8,ITF,ITF6,18,Calabria
2024-02-17,SIC,2,1,1,2,ITG,ITG1,19,Sicilia
2023-12-30,MOL,2,1,1,2,ITF,ITF2,14,Molise
2024-05-24,EMR,5,3,2,5,ITH,ITH5,8,Emilia-Romagna
2024-02-29,ABR,7,3,4,7,ITF,ITF1,13,Abruzzo
2024-06-05,PAT,2,1,1,2,ITH,ITH2,4,Provincia Autonoma Trento
2024-05-15,LAZ,2,0,2,2,ITI,ITI4,12,Lazio
2024-02-06,MOL,7,0,7,7,ITF,ITF2,14,Molise
2024-01-28,FVG,1,1,0,1,ITH,ITH4,6,Friuli-Venezia Giulia
2024-03-25,CAM,3,2,1,3,ITF,ITF3,15,Campania
2024-02-16,PAB,2,1,1,2,ITH,ITH1,4,Provincia Autonoma Bolzano / Bozen
2024-02-09,ABR,8,3,5,8,ITF,ITF1,13,Abruzzo
2023-10-15,VEN,3,1,2,3,ITH,ITH3,5,Veneto
2024-02-27,PAB,9,4,5,9,ITH,ITH1,4,Provincia Autonoma Bolzano / Bozen
2024-09-06,LAZ,1,1,0,1,ITI,ITI4,12,Lazio
2023-11-05,CAM,7,3,4,7,ITF,ITF3,15,Campania
2024-08-05,SAR,4,2,2,4,ITG,ITG2,20,Sardegna
2024-08-10,LAZ,1,0,1,1,ITI,ITI4,12,Lazio
2024-05-30,LIG,1,0,1,1,ITC,ITC3,7,Liguria
2024-04-02,PIE,1,0,1,1,ITC,ITC1,1,Piemonte
2024-04-03,TOS,1,0,1,1,ITI,ITI1,9,Toscana
2024-02-11,SIC,1,0,1,1,ITG,ITG1,19,Sicilia
2024-03-15,PAB,1,0,1,1,ITH,ITH1,4,Provincia Autonoma Bolzano / Bozen
2023-11-14,VEN,2829,1335,1494,2829,ITH,ITH3,5,Veneto
2024-01-07,MAR,9,4,5,9,ITI,ITI3,11,Marche
2023-11-21,BAS,33,18,15,33,ITF,ITF5,17,Basilicata
2023-11-14,CAL,229,146,83,229,ITF,ITF6,18,Calabria
2024-01-17,LOM,1992,914,1078,1992,ITC,ITC4,3,Lombardia
2024-03-04,SAR,15,7,8,15,ITG,ITG2,20,Sardegna
2024-01-23,SAR,271,137,134,271,ITG,ITG2,20,Sardegna
2024-04-12,TOS,3,0,3,3,ITI,ITI1,9,Toscana
2024-03-06,EMR,56,18,38,56,ITH,ITH5,8,Emilia-Romagna
2023-11-23,LIG,1264,639,625,1264,ITC,ITC3,7,Liguria
2023-12-10,PUG,98,51,47,98,ITF,ITF4,16,Puglia
2024-03-13,LIG,18,10,8,18,ITC,ITC3,7,Liguria
2023-11-07,LIG,1557,800,757,1557,ITC,ITC3,7,Liguria
2023-12-28,CAL,588,324,264,588,ITF,ITF6,18,Calabria
2023-11-16,VEN,3628,1783,1845,3628,ITH,ITH3,5,Veneto
2024-01-31,SIC,91,51,40,91,ITG,ITG1,19,Sicilia
2024-02-11,LAZ,5,2,3,5,ITI,ITI4,12,Lazio
2024-01-25,TOS,561,251,310,561,ITI,ITI1,9,Toscana
2024-03-18,LIG,2,1,1,2,ITC,ITC3,7,Liguria
2024-04-17,LOM,64,26,38,64,ITC,ITC4,3,Lombardia
2023-12-17,LAZ,2704,1343,1361,2704,ITI,ITI4,12,Lazio
2023-11-08,PAT,620,277,343,620,ITH,ITH2,4,Provincia Autonoma Trento
2023-11-11,MAR,350,178,172,350,ITI,ITI3,11,Marche
2023-10-18,ABR,129,71,58,129,ITF,ITF1,13,Abruzzo
2024-03-21,TOS,17,6,11,17,ITI,ITI1,9,Toscana
2023-11-02,CAM,283,143,140,283,ITF,ITF3,15,Campania
2023-11-02,CAL,42,15,27,42,ITF,ITF6,18,Calabria
2023-12-14,LIG,2026,926,1100,2026,ITC,ITC3,7,Liguria
2023-12-23,LOM,2522,1268,1254,2522,ITC,ITC4,3,Lombardia
2024-05-08,EMR,8,4,4,8,ITH,ITH5,8,Emilia-Romagna
2024-02-09,BAS,23,7,16,23,ITF,ITF5,17,Basilicata
2023-11-30,MOL,121,66,55,121,ITF,ITF2,14,Molise
2023-11-19,CAM,14,5,9,14,ITF,ITF3,15,Campania
2023-12-27,LIG,1147,562,585,1147,ITC,ITC3,7,Liguria
2024-05-07,EMR,3,2,1,3,ITH,ITH5,8,Emilia-Romagna
2023-10-22,TOS,19,7,12,19,ITI,ITI1,9,Toscana
2023-12-18,PAT,483,243,240,483,ITH,ITH2,4,Provincia Autonoma Trento
2023-12-20,CAM,1760,944,816,1760,ITF,ITF3,15,Campania
2023-11-09,SIC,142,76,66,142,ITG,ITG1,19,Sicilia
2023-11-04,MAR,394,188,206,394,ITI,ITI3,11,Marche
2024-02-28,PUG,140,77,63,140,ITF,ITF4,16,Puglia
2024-04-18,TOS,9,4,5,9,ITI,ITI1,9,Toscana
2023-12-14,PAB,132,64,68,132,ITH,ITH1,4,Provincia Autonoma Bolzano / Bozen
2023-11-10,LIG,820,394,426,820,ITC,ITC3,7,Liguria
2024-02-22,EMR,51,15,36,51,ITH,ITH5,8,Emilia-Romagna
2024-03-07,FVG,19,11,8,19,ITH,ITH4,6,Friuli-Venezia Giulia
2024-02-03,PUG,24,12,12,24,ITF,ITF4,16,Puglia
2023-10-27,PAT,428,192,236,428,ITH,ITH2,4,Provincia Autonoma Trento
2023-11-27,ABR,381,187,194,381,ITF,ITF1,13,Abruzzo
2023-11-19,PIE,153,74,79,153,ITC,ITC1,1,Piemonte
2023-11-06,MOL,86,46,40,86,ITF,ITF2,14,Molise
2024-02-19,BAS,12,4,8,12,ITF,ITF5,17,Basilicata
2023-12-22,LIG,1220,613,607,1220,ITC,ITC3,7,Liguria
2023-10-18,MAR,393,217,176,393,ITI,ITI3,11,Marche
2024-04-02,TOS,5,1,4,5,ITI,ITI1,9,Toscana
2023-12-04,FVG,880,417,463,880,ITH,ITH4,6,Friuli-Venezia Giulia
2023-12-16,UMB,138,62,76,138,ITI,ITI2,10,Umbria
2024-09-04,PIE,6,6,0,6,ITC,ITC1,1,Piemonte
2024-01-30,TOS,346,161,185,346,ITI,ITI1,9,Toscana
2023-11-18,LAZ,1671,816,855,1671,ITI,ITI4,12,Lazio
2023-12-16,VEN,4876,2449,2427,4876,ITH,ITH3,5,Veneto
2023-11-01,PIE,152,76,76,152,ITC,ITC1,1,Piemonte
2023-11-20,CAL,167,79,88,167,ITF,ITF6,18,Calabria
2024-04-25,LOM,2,0,2,2,ITC,ITC4,3,Lombardia
2024-02-24,PIE,41,21,20,41,ITC,ITC1,1,Piemonte
2024-05-08,ABR,4,3,1,4,ITF,ITF1,13,Abruzzo
2023-11-29,PAT,396,201,195,396,ITH,ITH2,4,Provincia Autonoma Trento
2023-11-17,EMR,5893,2806,3087,5893,ITH,ITH5,8,Emilia-Romagna
2023-10-23,LAZ,599,283,316,599,ITI,ITI4,12,Lazio
2023-11-23,PAB,462,190,272,462,ITH,ITH1,4,Provincia Autonoma Bolzano / Bozen
2023-11-02,LOM,9607,4612,4995,9607,ITC,ITC4,3,Lombardia
2024-03-26,TOS,4,4,0,4,ITI,ITI1,9,Toscana
2023-10-23,TOS,2231,1044,1187,2231,ITI,ITI1,9,Toscana
2024-02-23,LAZ,82,43,39,82,ITI,ITI4,12,Lazio
2024-03-09,BAS,12,7,5,12,ITF,ITF5,17,Basilicata
2023-12-09,SIC,89,49,40,89,ITG,ITG1,19,Sicilia
2023-10-27,VEN,1687,787,900,1687,ITH,ITH3,5,Veneto
2024-02-14,BAS,4,2,2,4,ITF,ITF5,17,Basilicata
2024-03-04,PUG,4,1,3,4,ITF,ITF4,16,Puglia
2024-04-12,PAB,7,4,3,7,ITH,ITH1,4,Provincia Autonoma Bolzano / Bozen
2023-11-07,EMR,6430,2967,3463,6430,ITH,ITH5,8,Emilia-Romagna
2023-11-22,PAB,514,252,262,514,ITH,ITH1,4,Provincia Autonoma Bolzano / Bozen
2023-10-13,PIE,203,113,90,203,ITC,ITC1,1,Piemonte
2024-02-02,PAT,20,9,11,20,ITH,ITH2,4,Provincia Autonoma Trento
2024-05-03,SAR,1,0,1,1,ITG,ITG2,20,Sardegna
2023-10-29,EMR,330,170,160,330,ITH,ITH5,8,Emilia-Romagna
2023-10-27,TOS,4086,1927,2159,4086,ITI,ITI1,9,Toscana
2024-01-10,CAM,676,363,313,676,ITF,ITF3,15,Campania
2024-03-21,EMR,26,11,15,26,ITH,ITH5,8,Emilia-Romagna
2023-12-30,MAR,88,38,50,88,ITI,ITI3,11,Marche
2024-01-10,FVG,301,139,162,301,ITH,ITH4,6,Friuli-Venezia Giulia
2024-03-05,UMB,3,3,0,3,ITI,ITI2,10,Umbria
2024-02-08,VEN,145,48,97,145,ITH,ITH3,5,Veneto
2024-02-16,ABR,13,7,6,13,ITF,ITF1,13,Abruzzo
2024-01-28,SIC,4,2,2,4,ITG,ITG1,19,Sicilia
2024-01-11,SIC,618,305,313,618,ITG,ITG1,19,Sicilia
2023-11-21,PAB,574,286,288,574,ITH,ITH1,4,Provincia Autonoma Bolzano / Bozen
2023-10-18,PUG,452,246,206,452,ITF,ITF4,16,Puglia
2023-10-28,LIG,102,40,62,102,ITC,ITC3,7,Liguria
2024-02-01,PAT,35,12,23,35,ITH,ITH2,4,Provincia Autonoma Trento
2023-12-01,SIC,412,222,190,412,ITG,ITG1,19,Sicilia
2024-02-22,SIC,32,15,17,32,ITG,ITG1,19,Sicilia
2023-12-11,MAR,650,317,333,650,ITI,ITI3,11,Marche
2024-06-13,FVG,2,1,1,2,ITH,ITH4,6,Friuli-Venezia Giulia
2024-06-19,LAZ,1,0,1,1,ITI,ITI4,12,Lazio
2023-12-25,CAM,13,9,4,13,ITF,ITF3,15,Campania
2023-11-28,TOS,4523,2088,2435,4523,ITI,ITI1,9,Toscana
2023-12-26,EMR,80,41,39,80,ITH,ITH5,8,Emilia-Romagna
2023-12-16,SIC,421,229,192,421,ITG,ITG1,19,Sicilia
2024-03-05,EMR,39,18,21,39,ITH,ITH5,8,Emilia-Romagna
2023-12-17,FVG,19,9,10,19,ITH,ITH4,6,Friuli-Venezia Giulia
2023-11-19,FVG,46,19,27,46,ITH,ITH4,6,Friuli-Venezia Giulia
2023-11-26,EMR,340,170,170,340,ITH,ITH5,8,Emilia-Romagna
2023-10-11,LAZ,163,90,73,163,ITI,ITI4,12,Lazio
2024-02-20,TOS,72,27,45,72,ITI,ITI1,9,Toscana
2023-11-22,SAR,758,384,374,758,ITG,ITG2,20,Sardegna
2023-12-28,BAS,255,124,131,255,ITF,ITF5,17,Basilicata
2023-11-09,UMB,711,340,371,711,ITI,ITI2,10,Umbria
2024-06-03,SAR,2,1,1,2,ITG,ITG2,20,Sardegna
2024-01-10,CAL,248,136,112,248,ITF,ITF6,18,Calabria
2024-01-05,FVG,379,201,178,379,ITH,ITH4,6,Friuli-Venezia Giulia
2024-01-13,PUG,69,32,37,69,ITF,ITF4,16,Puglia
2023-12-19,TOS,3342,1628,1714,3342,ITI,ITI1,9,Toscana
2024-02-02,VEN,177,75,102,177,ITH,ITH3,5,Veneto
2024-04-07,CAM,6,3,3,6,ITF,ITF3,15,Campania
2023-11-22,EMR,6197,3032,3165,6197,ITH,ITH5,8,Emilia-Romagna
2023-12-17,CAL,128,55,73,128,ITF,ITF6,18,Calabria
2024-03-01,SIC,6,4,2,6,ITG,ITG1,19,Sicilia
2023-11-08,TOS,6459,2955,3504,6459,ITI,ITI1,9,Toscana
2023-12-12,TOS,4123,1973,2150,4123,ITI,ITI1,9,Toscana
2024-02-02,CAL,20,13,7,20,ITF,ITF6,18,Calabria
2023-11-25,CAM,180,92,88,180,ITF,ITF3,15,Campania
2023-11-18,VEN,1901,920,981,1901,ITH,ITH3,5,Veneto
2023-12-05,CAL,442,240,202,442,ITF,ITF6,18,Calabria
2023-12-24,UMB,6,2,4,6,ITI,ITI2,10,Umbria
2024-01-24,CAL,104,53,51,104,ITF,ITF6,18,Calabria
2023-10-25,PIE,1801,816,985,1801,ITC,ITC1,1,Piemonte
2024-01-04,LOM,3125,1475,1650,3125,ITC,ITC4,3,Lombardia
2024-04-29,PIE,10,5,5,10,ITC,ITC1,1,Piemonte
2023-11-27,PUG,1284,662,622,1284,ITF,ITF4,16,Puglia
2024-01-24,VEN,427,214,213,427,ITH,ITH3,5,Veneto
2023-11-09,MOL,79,26,53,79,ITF,ITF2,14,Molise
2024-02-19,TOS,72,33,39,72,ITI,ITI1,9,Toscana
2024-01-25,VEN,409,175,234,409,ITH,ITH3,5,Veneto
2024-05-16,SIC,5,3,2,5,ITG,ITG1,19,Sicilia
2023-12-21,SAR,942,462,480,942,ITG,ITG2,20,Sardegna
2023-12-07,SIC,598,330,268,598,ITG,ITG1,19,Sicilia
2023-12-11,LIG,1783,883,900,1783,ITC,ITC3,7,Liguria
2023-10-16,FVG,121,64,57,121,ITH,ITH4,6,Friuli-Venezia Giulia
2024-01-20,EMR,139,77,62,139,ITH,ITH5,8,Emilia-Romagna
2024-02-16,FVG,65,27,38,65,ITH,ITH4,6,Friuli-Venezia Giulia
2023-11-24,SIC,248,128,120,248,ITG,ITG1,19,Sicilia
2023-12-21,EMR,4889,2439,2450,4889,ITH,ITH5,8,Emilia-Romagna
2023-12-06,MAR,62,31,31,62,ITI,ITI3,11,Marche
2023-11-27,PIE,2333,1064,1269,2333,ITC,ITC1,1,Piemonte
2024-01-30,BAS,23,12,11,23,ITF,ITF5,17,Basilicata
2024-02-26,SAR,56,28,28,56,ITG,ITG2,20,Sardegna
2024-05-11,LAZ,2,2,0,2,ITI,ITI4,12,Lazio
2024-01-30,CAL,64,36,28,64,ITF,ITF6,18,Calabria
2023-12-25,PIE,14,8,6,14,ITC,ITC1,1,Piemonte
2024-01-08,FVG,286,129,157,286,ITH,ITH4,6,Friuli-Venezia Giulia
2023-10-25,CAM,302,179,123,302,ITF,ITF3,15,Campania
2024-03-26,VEN,21,10,11,21,ITH,ITH3,5,Veneto
2023-11-26,LOM,1046,516,530,1046,ITC,ITC4,3,Lombardia
2024-06-21,PIE,1,0,1,1,ITC,ITC1,1,Piemonte
2024-01-13,ABR,28,12,16,28,ITF,ITF1,13,Abruzzo
2023-10-09,PUG,14,7,7,14,ITF,ITF4,16,Puglia
2024-05-20,EMR,6,4,2,6,ITH,ITH5,8,Emilia-Romagna
2024-03-25,EMR,11,3,8,11,ITH,ITH5,8,Emilia-Romagna
2024-04-24,EMR,4,3,1,4,ITH,ITH5,8,Emilia-Romagna
2024-04-16,SAR,4,2,2,4,ITG,ITG2,20,Sardegna
2024-07-24,TOS,1,1,0,1,ITI,ITI1,9,Toscana
2023-11-11,PAB,36,17,19,36,ITH,ITH1,4,Provincia Autonoma Bolzano / Bozen
2024-04-12,MAR,3,2,1,3,ITI,ITI3,11,Marche
2024-04-11,SIC,1,1,0,1,ITG,ITG1,19,Sicilia
2024-07-16,PIE,2,2,0,2,ITC,ITC1,1,Piemonte
2024-09-06,PUG,4,2,2,4,ITF,ITF4,16,Puglia
2023-12-10,VDA,1,0,1,1,ITC,ITC2,2,Valle d'Aosta / Vallée d'Aoste
2024-06-12,PIE,2,1,1,2,ITC,ITC1,1,Piemonte
2024-02-09,PAB,4,1,3,4,ITH,ITH1,4,Provincia Autonoma Bolzano / Bozen
2024-07-30,PIE,5,3,2,5,ITC,ITC1,1,Piemonte
2024-05-17,VEN,8,2,6,8,ITH,ITH3,5,Veneto
2024-01-30,PAT,7,4,3,7,ITH,ITH2,4,Provincia Autonoma Trento
2024-07-17,EMR,1,0,1,1,ITH,ITH5,8,Emilia-Romagna
2024-04-15,ABR,2,1,1,2,ITF,ITF1,13,Abruzzo
2024-03-04,ABR,1,1,0,1,ITF,ITF1,13,Abruzzo
2024-07-18,VEN,1,0,1,1,ITH,ITH3,5,Veneto
2024-04-23,SIC,1,0,1,1,ITG,ITG1,19,Sicilia
2023-11-05,SIC,3,2,1,3,ITG,ITG1,19,Sicilia
2024-06-07,PAT,2,1,1,2,ITH,ITH2,4,Provincia Autonoma Trento
2024-09-03,PIE,1,0,1,1,ITC,ITC1,1,Piemonte
2024-07-09,LIG,2,1,1,2,ITC,ITC3,7,Liguria
2024-06-28,VEN,1,1,0,1,ITH,ITH3,5,Veneto
2024-04-24,PIE,10,5,5,10,ITC,ITC1,1,Piemonte
2024-05-13,PIE,2,1,1,2,ITC,ITC1,1,Piemonte
2024-03-21,CAM,8,3,5,8,ITF,ITF3,15,Campania
2024-05-20,VEN,2,1,1,2,ITH,ITH3,5,Veneto
2024-05-03,TOS,1,0,1,1,ITI,ITI1,9,Toscana
2023-12-30,ABR,11,5,6,11,ITF,ITF1,13,Abruzzo
2023-12-26,MAR,1,0,1,1,ITI,ITI3,11,Marche
2024-02-18,CAM,1,1,0,1,ITF,ITF3,15,Campania
2024-06-05,CAM,3,0,3,3,ITF,ITF3,15,Campania
2024-04-08,ABR,1,1,0,1,ITF,ITF1,13,Abruzzo
2024-06-24,VEN,4,2,2,4,ITH,ITH3,5,Veneto
2024-05-06,TOS,3,2,1,3,ITI,ITI1,9,Toscana
2024-08-16,PAB,1,1,0,1,ITH,ITH1,4,Provincia Autonoma Bolzano / Bozen
2024-05-04,UMB,1,1,0,1,ITI,ITI2,10,Umbria
2024-05-08,TOS,1,0,1,1,ITI,ITI1,9,Toscana
2024-05-14,LAZ,1,0,1,1,ITI,ITI4,12,Lazio
2024-05-23,TOS,2,1,1,2,ITI,ITI1,9,Toscana
2023-10-28,VEN,882,433,449,882,ITH,ITH3,5,Veneto
2024-03-01,LAZ,55,27,28,55,ITI,ITI4,12,Lazio
2024-03-28,PUG,1,1,0,1,ITF,ITF4,16,Puglia
2023-12-11,EMR,3503,1774,1729,3503,ITH,ITH5,8,Emilia-Romagna
2023-12-09,PUG,222,108,114,222,ITF,ITF4,16,Puglia
2024-01-12,PAB,34,13,21,34,ITH,ITH1,4,Provincia Autonoma Bolzano / Bozen
2023-12-08,CAM,30,17,13,30,ITF,ITF3,15,Campania
2023-11-30,FVG,1208,554,654,1208,ITH,ITH4,6,Friuli-Venezia Giulia
2024-02-16,EMR,97,48,49,97,ITH,ITH5,8,Emilia-Romagna
2024-06-24,PIE,3,1,2,3,ITC,ITC1,1,Piemonte
2024-01-05,EMR,891,463,428,891,ITH,ITH5,8,Emilia-Romagna
2023-11-03,TOS,5930,2797,3133,5930,ITI,ITI1,9,Toscana
2024-01-03,PUG,905,470,435,905,ITF,ITF4,16,Puglia
2024-01-16,PAT,154,69,85,154,ITH,ITH2,4,Provincia Autonoma Trento
2023-11-14,SIC,280,140,140,280,ITG,ITG1,19,Sicilia
2024-03-19,CAL,1,0,1,1,ITF,ITF6,18,Calabria
2024-08-21,EMR,2,1,1,2,ITH,ITH5,8,Emilia-Romagna
2023-12-17,VEN,4468,2363,2105,4468,ITH,ITH3,5,Veneto
2023-10-16,VDA,104,50,54,104,ITC,ITC2,2,Valle d'Aosta / Vallée d'Aoste
2023-12-24,TOS,47,22,25,47,ITI,ITI1,9,Toscana
2023-12-08,LIG,14,9,5,14,ITC,ITC3,7,Liguria
2023-11-13,ABR,274,133,141,274,ITF,ITF1,13,Abruzzo
2023-10-26,LIG,841,416,425,841,ITC,ITC3,7,Liguria
2023-10-20,VEN,489,235,254,489,ITH,ITH3,5,Veneto
2023-10-21,UMB,24,13,11,24,ITI,ITI2,10,Umbria
2023-10-24,FVG,675,347,328,675,ITH,ITH4,6,Friuli-Venezia Giulia
2024-01-18,ABR,164,81,83,164,ITF,ITF1,13,Abruzzo
2024-05-02,FVG,7,4,3,7,ITH,ITH4,6,Friuli-Venezia Giulia
2023-12-02,TOS,1512,733,779,1512,ITI,ITI1,9,Toscana
2023-12-01,VDA,135,68,67,135,ITC,ITC2,2,Valle d'Aosta / Vallée d'Aoste
2024-04-19,EMR,20,11,9,20,ITH,ITH5,8,Emilia-Romagna
2023-11-04,CAL,38,21,17,38,ITF,ITF6,18,Calabria
2024-01-15,PUG,494,235,259,494,ITF,ITF4,16,Puglia
2023-12-08,LOM,441,217,224,441,ITC,ITC4,3,Lombardia
2024-02-02,FVG,83,44,39,83,ITH,ITH4,6,Friuli-Venezia Giulia
2023-11-27,LIG,325,167,158,325,ITC,ITC3,7,Liguria
2024-02-29,PIE,14,9,5,14,ITC,ITC1,1,Piemonte
2024-02-14,PIE,87,46,41,87,ITC,ITC1,1,Piemonte
2023-12-10,SIC,59,31,28,59,ITG,ITG1,19,Sicilia
2024-01-20,SIC,59,29,30,59,ITG,ITG1,19,Sicilia
2024-01-19,UMB,108,46,62,108,ITI,ITI2,10,Umbria
2024-04-08,MAR,4,2,2,4,ITI,ITI3,11,Marche
2024-01-16,PUG,588,285,303,588,ITF,ITF4,16,Puglia
2024-01-15,FVG,299,127,172,299,ITH,ITH4,6,Friuli-Venezia Giulia
2024-02-01,FVG,116,58,58,116,ITH,ITH4,6,Friuli-Venezia Giulia
2023-12-09,PAT,30,20,10,30,ITH,ITH2,4,Provincia Autonoma Trento
2024-03-06,TOS,19,7,12,19,ITI,ITI1,9,Toscana
2024-07-23,PIE,5,3,2,5,ITC,ITC1,1,Piemonte
2024-02-09,CAM,51,27,24,51,ITF,ITF3,15,Campania
2024-02-19,LIG,31,14,17,31,ITC,ITC3,7,Liguria
2024-01-03,PAT,163,73,90,163,ITH,ITH2,4,Provincia Autonoma Trento
2023-10-20,LOM,5940,2934,3006,5940,ITC,ITC4,3,Lombardia
2024-07-29,FVG,1,0,1,1,ITH,ITH4,6,Friuli-Venezia Giulia
2024-01-26,SIC,189,108,81,189,ITG,ITG1,19,Sicilia
2023-10-16,ABR,87,53,34,87,ITF,ITF1,13,Abruzzo
2024-01-16,FVG,520,266,254,520,ITH,ITH4,6,Friuli-Venezia Giulia
2023-10-16,EMR,724,316,408,724,ITH,ITH5,8,Emilia-Romagna
2024-02-19,CAM,30,18,12,30,ITF,ITF3,15,Campania
2023-11-10,ABR,256,130,126,256,ITF,ITF1,13,Abruzzo
2023-12-22,BAS,423,224,199,423,ITF,ITF5,17,Basilicata
2023-11-08,LAZ,2287,1092,1195,2287,ITI,ITI4,12,Lazio
2023-11-18,FVG,329,168,161,329,ITH,ITH4,6,Friuli-Venezia Giulia
2023-10-30,CAL,59,30,29,59,ITF,ITF6,18,Calabria
2023-11-03,SAR,217,112,105,217,ITG,ITG2,20,Sardegna
2023-12-15,SAR,998,501,497,998,ITG,ITG2,20,Sardegna
2023-12-03,FVG,8,2,6,8,ITH,ITH4,6,Friuli-Venezia Giulia
2024-02-17,PUG,8,3,5,8,ITF,ITF4,16,Puglia
2023-11-27,CAM,408,232,176,408,ITF,ITF3,15,Campania
2024-02-20,FVG,70,26,44,70,ITH,ITH4,6,Friuli-Venezia Giulia
2023-12-03,VEN,208,108,100,208,ITH,ITH3,5,Veneto
2023-10-21,PAB,3,0,3,3,ITH,ITH1,4,Provincia Autonoma Bolzano / Bozen
2024-02-29,CAM,14,9,5,14,ITF,ITF3,15,Campania
2023-10-05,LOM,362,191,171,362,ITC,ITC4,3,Lombardia
2024-02-08,CAL,19,7,12,19,ITF,ITF6,18,Calabria
2024-02-05,VEN,102,38,64,102,ITH,ITH3,5,Veneto
2023-12-20,ABR,601,307,294,601,ITF,ITF1,13,Abruzzo
2023-12-26,FVG,18,6,12,18,ITH,ITH4,6,Friuli-Venezia Giulia
2023-12-09,FVG,140,67,73,140,ITH,ITH4,6,Friuli-Venezia Giulia
2024-03-04,SIC,22,13,9,22,ITG,ITG1,19,Sicilia
2024-02-20,LIG,66,25,41,66,ITC,ITC3,7,Liguria
2023-12-25,LAZ,11,8,3,11,ITI,ITI4,12,Lazio
2023-12-12,PAB,332,165,167,332,ITH,ITH1,4,Provincia Autonoma Bolzano / Bozen
2024-02-20,LOM,252,86,166,252,ITC,ITC4,3,Lombardia
2024-01-15,PAT,61,28,33,61,ITH,ITH2,4,Provincia Autonoma Trento
2024-02-09,LIG,33,14,19,33,ITC,ITC3,7,Liguria
2023-12-06,EMR,5297,2603,2694,5297,ITH,ITH5,8,Emilia-Romagna
2023-10-04,LAZ,16,9,7,16,ITI,ITI4,12,Lazio
2024-01-11,LAZ,2605,1222,1383,2605,ITI,ITI4,12,Lazio
2023-12-11,LOM,9426,4593,4833,9426,ITC,ITC4,3,Lombardia
2024-05-14,LIG,2,1,1,2,ITC,ITC3,7,Liguria
2024-04-18,MAR,1,1,0,1,ITI,ITI3,11,Marche
2024-03-18,BAS,1,1,0,1,ITF,ITF5,17,Basilicata
2024-09-05,FVG,2,1,1,2,ITH,ITH4,6,Friuli-Venezia Giulia
2024-05-10,LAZ,2,2,0,2,ITI,ITI4,12,Lazio
2024-04-10,EMR,6,2,4,6,ITH,ITH5,8,Emilia-Romagna
2024-01-01,VEN,2,0,2,2,ITH,ITH3,5,Veneto
2024-05-13,PUG,3,2,1,3,ITF,ITF4,16,Puglia
2024-03-14,CAL,2,2,0,2,ITF,ITF6,18,Calabria
2024-06-26,PIE,5,3,2,5,ITC,ITC1,1,Piemonte
2024-07-22,FVG,6,3,3,6,ITH,ITH4,6,Friuli-Venezia Giulia
2024-07-24,CAM,3,2,1,3,ITF,ITF3,15,Campania
2024-04-30,BAS,2,1,1,2,ITF,ITF5,17,Basilicata
2024-02-18,LIG,1,0,1,1,ITC,ITC3,7,Liguria
2024-03-22,FVG,5,3,2,5,ITH,ITH4,6,Friuli-Venezia Giulia
2024-07-10,TOS,5,1,4,5,ITI,ITI1,9,Toscana
2024-07-19,PUG,1,0,1,1,ITF,ITF4,16,Puglia
2024-05-28,LIG,1,1,0,1,ITC,ITC3,7,Liguria
2024-08-07,BAS,1,1,0,1,ITF,ITF5,17,Basilicata
2024-04-12,PUG,1,1,0,1,ITF,ITF4,16,Puglia
2023-09-29,SAR,1,1,0,1,ITG,ITG2,20,Sardegna
2024-05-31,LIG,1,0,1,1,ITC,ITC3,7,Liguria
2024-05-07,MAR,1,0,1,1,ITI,ITI3,11,Marche
2024-03-25,PUG,1,0,1,1,ITF,ITF4,16,Puglia
2024-05-07,VDA,1,1,0,1,ITC,ITC2,2,Valle d'Aosta / Vallée d'Aoste
2023-12-09,ABR,85,39,46,85,ITF,ITF1,13,Abruzzo
2023-11-09,MAR,1178,549,629,1178,ITI,ITI3,11,Marche
2023-12-08,FVG,593,309,284,593,ITH,ITH4,6,Friuli-Venezia Giulia
2024-03-11,LIG,7,4,3,7,ITC,ITC3,7,Liguria
2024-04-18,LOM,37,14,23,37,ITC,ITC4,3,Lombardia
2023-12-11,SAR,852,432,420,852,ITG,ITG2,20,Sardegna
2023-10-04,PIE,20,14,6,20,ITC,ITC1,1,Piemonte
2023-12-22,MAR,757,391,366,757,ITI,ITI3,11,Marche
2024-01-11,BAS,160,78,82,160,ITF,ITF5,17,Basilicata
2024-04-15,EMR,9,5,4,9,ITH,ITH5,8,Emilia-Romagna
2023-12-27,PIE,1664,831,833,1664,ITC,ITC1,1,Piemonte
2024-01-21,EMR,9,3,6,9,ITH,ITH5,8,Emilia-Romagna
2024-02-16,PUG,73,35,38,73,ITF,ITF4,16,Puglia
2024-01-18,LAZ,1612,750,862,1612,ITI,ITI4,12,Lazio
2024-05-03,SIC,2,1,1,2,ITG,ITG1,19,Sicilia
2024-01-01,LOM,25,12,13,25,ITC,ITC4,3,Lombardia
2024-02-20,MAR,15,6,9,15,ITI,ITI3,11,Marche
2024-03-06,SAR,14,6,8,14,ITG,ITG2,20,Sardegna
2023-12-01,PIE,3799,1860,1939,3799,ITC,ITC1,1,Piemonte
2024-03-22,LOM,79,19,60,79,ITC,ITC4,3,Lombardia
2023-12-05,UMB,630,319,311,630,ITI,ITI2,10,Umbria
2024-01-31,ABR,42,24,18,42,ITF,ITF1,13,Abruzzo
2023-12-02,BAS,77,33,44,77,ITF,ITF5,17,Basilicata
2023-10-17,SIC,21,11,10,21,ITG,ITG1,19,Sicilia
2023-12-11,PAB,107,56,51,107,ITH,ITH1,4,Provincia Autonoma Bolzano / Bozen
2023-11-02,TOS,3759,1831,1928,3759,ITI,ITI1,9,Toscana
2023-10-28,TOS,1250,644,606,1250,ITI,ITI1,9,Toscana
2023-10-16,LAZ,331,167,164,331,ITI,ITI4,12,Lazio
2023-12-15,TOS,5207,2478,2729,5207,ITI,ITI1,9,Toscana
2024-01-08,SAR,402,198,204,402,ITG,ITG2,20,Sardegna
2024-03-05,SIC,5,2,3,5,ITG,ITG1,19,Sicilia
2024-01-14,TOS,18,11,7,18,ITI,ITI1,9,Toscana
2024-03-25,PAT,1,1,0,1,ITH,ITH2,4,Provincia Autonoma Trento
2023-11-17,MOL,44,27,17,44,ITF,ITF2,14,Molise
2024-06-17,TOS,1,1,0,1,ITI,ITI1,9,Toscana
2024-01-20,LOM,621,291,330,621,ITC,ITC4,3,Lombardia
2023-11-24,UMB,927,435,492,927,ITI,ITI2,10,Umbria
2023-12-04,CAL,442,217,225,442,ITF,ITF6,18,Calabria
2024-02-16,SAR,84,44,40,84,ITG,ITG2,20,Sardegna
2023-11-28,MOL,39,22,17,39,ITF,ITF2,14,Molise
2023-12-23,SIC,245,133,112,245,ITG,ITG1,19,Sicilia
2024-02-21,LIG,77,21,56,77,ITC,ITC3,7,Liguria
2023-10-14,UMB,6,3,3,6,ITI,ITI2,10,Umbria
2024-04-04,PIE,18,11,7,18,ITC,ITC1,1,Piemonte
2023-10-05,TOS,421,224,197,421,ITI,ITI1,9,Toscana
2024-02-09,LAZ,176,90,86,176,ITI,ITI4,12,Lazio
2024-01-17,SIC,347,169,178,347,ITG,ITG1,19,Sicilia
2023-11-16,TOS,9040,4158,4882,9040,ITI,ITI1,9,Toscana
2023-10-16,SAR,125,63,62,125,ITG,ITG2,20,Sardegna
2023-11-03,EMR,5517,2637,2880,5517,ITH,ITH5,8,Emilia-Romagna
2023-11-17,PUG,2319,1175,1144,2319,ITF,ITF4,16,Puglia
2024-01-25,CAL,66,40,26,66,ITF,ITF6,18,Calabria
2023-11-09,ABR,349,192,157,349,ITF,ITF1,13,Abruzzo
2024-02-28,ABR,2,1,1,2,ITF,ITF1,13,Abruzzo
2023-10-19,LOM,6115,3024,3091,6115,ITC,ITC4,3,Lombardia
2023-12-13,FVG,1121,555,566,1121,ITH,ITH4,6,Friuli-Venezia Giulia
2024-02-01,CAL,44,24,20,44,ITF,ITF6,18,Calabria
2023-11-08,LIG,923,445,478,923,ITC,ITC3,7,Liguria
2024-01-09,PIE,1330,645,685,1330,ITC,ITC1,1,Piemonte
2023-12-11,TOS,3274,1551,1723,3274,ITI,ITI1,9,Toscana
2023-11-17,SIC,196,108,88,196,ITG,ITG1,19,Sicilia
2024-03-21,LOM,90,32,58,90,ITC,ITC4,3,Lombardia
2024-08-08,VEN,8,4,4,8,ITH,ITH3,5,Veneto
2024-01-04,MOL,18,14,4,18,ITF,ITF2,14,Molise
2023-11-13,PAT,461,230,231,461,ITH,ITH2,4,Provincia Autonoma Trento
2024-01-06,CAL,67,36,31,67,ITF,ITF6,18,Calabria
2024-02-17,CAM,3,1,2,3,ITF,ITF3,15,Campania
2023-12-24,LOM,244,125,119,244,ITC,ITC4,3,Lombardia
2024-01-03,EMR,1115,551,564,1115,ITH,ITH5,8,Emilia-Romagna
2024-08-07,LAZ,11,5,6,11,ITI,ITI4,12,Lazio
2023-12-05,LAZ,4264,2075,2189,4264,ITI,ITI4,12,Lazio
2023-11-11,LIG,158,69,89,158,ITC,ITC3,7,Liguria
2024-02-19,LAZ,65,32,33,65,ITI,ITI4,12,Lazio
2023-11-07,PAT,562,285,277,562,ITH,ITH2,4,Provincia Autonoma Trento
2023-11-11,BAS,13,5,8,13,ITF,ITF5,17,Basilicata
2024-05-08,SIC,2,1,1,2,ITG,ITG1,19,Sicilia
2024-02-12,FVG,62,23,39,62,ITH,ITH4,6,Friuli-Venezia Giulia
2023-10-17,CAL,7,2,5,7,ITF,ITF6,18,Calabria
2023-10-25,PAT,418,196,222,418,ITH,ITH2,4,Provincia Autonoma Trento
2024-07-01,CAL,1,1,0,1,ITF,ITF6,18,Calabria
2023-10-15,EMR,1,0,1,1,ITH,ITH5,8,Emilia-Romagna
2023-11-02,FVG,732,362,370,732,ITH,ITH4,6,Friuli-Venezia Giulia
2023-10-28,EMR,1903,915,988,1903,ITH,ITH5,8,Emilia-Romagna
2023-10-18,SIC,22,14,8,22,ITG,ITG1,19,Sicilia
2023-11-16,PAB,578,277,301,578,ITH,ITH1,4,Provincia Autonoma Bolzano / Bozen
2024-07-12,LAZ,5,3,2,5,ITI,ITI4,12,Lazio
2023-10-03,LIG,30,14,16,30,ITC,ITC3,7,Liguria
2024-02-28,MAR,7,4,3,7,ITI,ITI3,11,Marche
2023-11-04,LIG,127,60,67,127,ITC,ITC3,7,Liguria
2023-12-14,PAT,272,107,165,272,ITH,ITH2,4,Provincia Autonoma Trento
2023-12-01,BAS,168,89,79,168,ITF,ITF5,17,Basilicata
2024-05-30,LAZ,9,5,4,9,ITI,ITI4,12,Lazio
2024-07-24,LIG,5,3,2,5,ITC,ITC3,7,Liguria
2024-05-02,CAL,6,5,1,6,ITF,ITF6,18,Calabria
2023-10-24,VDA,165,79,86,165,ITC,ITC2,2,Valle d'Aosta / Vallée d'Aoste
2024-07-31,PUG,1,0,1,1,ITF,ITF4,16,Puglia
2023-11-12,SIC,23,15,8,23,ITG,ITG1,19,Sicilia
2024-08-14,VEN,3,2,1,3,ITH,ITH3,5,Veneto
2024-08-26,PIE,13,9,4,13,ITC,ITC1,1,Piemonte
2024-06-07,LAZ,4,2,2,4,ITI,ITI4,12,Lazio
2023-10-22,PAB,3,2,1,3,ITH,ITH1,4,Provincia Autonoma Bolzano / Bozen
2024-04-03,PIE,12,8,4,12,ITC,ITC1,1,Piemonte
2024-01-28,UMB,6,3,3,6,ITI,ITI2,10,Umbria
2024-02-22,UMB,8,3,5,8,ITI,ITI2,10,Umbria
2024-03-10,PUG,6,4,2,6,ITF,ITF4,16,Puglia
2024-01-26,PAT,5,2,3,5,ITH,ITH2,4,Provincia Autonoma Trento
2024-07-22,LIG,5,2,3,5,ITC,ITC3,7,Liguria
2023-09-30,TOS,1,1,0,1,ITI,ITI1,9,Toscana
2024-06-20,PIE,3,2,1,3,ITC,ITC1,1,Piemonte
2024-09-09,LAZ,3,1,2,3,ITI,ITI4,12,Lazio
2024-04-10,LAZ,3,1,2,3,ITI,ITI4,12,Lazio
2024-02-29,BAS,3,1,2,3,ITF,ITF5,17,Basilicata
2023-12-02,MAR,2,1,1,2,ITI,ITI3,11,Marche
2024-05-02,TOS,5,4,1,5,ITI,ITI1,9,Toscana
2024-03-17,BAS,3,2,1,3,ITF,ITF5,17,Basilicata
2023-11-09,BAS,17,14,3,17,ITF,ITF5,17,Basilicata
2024-04-03,UMB,4,1,3,4,ITI,ITI2,10,Umbria
2024-06-02,LIG,1,0,1,1,ITC,ITC3,7,Liguria
2024-03-19,SIC,1,1,0,1,ITG,ITG1,19,Sicilia
2024-05-30,PIE,1,1,0,1,ITC,ITC1,1,Piemonte
2024-02-27,UMB,2,2,0,2,ITI,ITI2,10,Umbria
2024-06-04,LAZ,2,1,1,2,ITI,ITI4,12,Lazio
2024-08-22,VEN,1,0,1,1,ITH,ITH3,5,Veneto
2024-01-04,VEN,1067,522,545,1067,ITH,ITH3,5,Veneto
2024-03-13,EMR,42,17,25,42,ITH,ITH5,8,Emilia-Romagna
2023-11-03,LAZ,1723,865,858,1723,ITI,ITI4,12,Lazio
2024-03-11,PUG,9,5,4,9,ITF,ITF4,16,Puglia
2024-07-26,VEN,51,31,20,51,ITH,ITH3,5,Veneto
2023-11-07,UMB,492,233,259,492,ITI,ITI2,10,Umbria
2023-11-14,ABR,313,153,160,313,ITF,ITF1,13,Abruzzo
2024-01-30,VEN,183,94,89,183,ITH,ITH3,5,Veneto
2024-02-15,PUG,47,26,21,47,ITF,ITF4,16,Puglia
2024-05-27,CAL,1,1,0,1,ITF,ITF6,18,Calabria
2023-11-12,MOL,16,10,6,16,ITF,ITF2,14,Molise
2024-01-13,EMR,496,223,273,496,ITH,ITH5,8,Emilia-Romagna
2024-01-04,PAB,6,2,4,6,ITH,ITH1,4,Provincia Autonoma Bolzano / Bozen
2024-02-20,PAT,6,4,2,6,ITH,ITH2,4,Provincia Autonoma Trento
2023-12-27,SIC,620,310,310,620,ITG,ITG1,19,Sicilia
2023-10-27,LAZ,1388,702,686,1388,ITI,ITI4,12,Lazio
2023-10-03,PUG,10,7,3,10,ITF,ITF4,16,Puglia
2024-01-23,MAR,166,78,88,166,ITI,ITI3,11,Marche
2024-03-02,LAZ,12,5,7,12,ITI,ITI4,12,Lazio
2023-11-14,PUG,1884,969,915,1884,ITF,ITF4,16,Puglia
2024-08-23,PIE,3,2,1,3,ITC,ITC1,1,Piemonte
2023-12-27,EMR,1268,603,665,1268,ITH,ITH5,8,Emilia-Romagna
2024-01-05,ABR,939,497,442,939,ITF,ITF1,13,Abruzzo
2024-01-02,MOL,50,28,22,50,ITF,ITF2,14,Molise
2023-10-12,LIG,126,48,78,126,ITC,ITC3,7,Liguria
2024-02-14,LAZ,143,62,81,143,ITI,ITI4,12,Lazio
2024-05-29,VEN,11,4,7,11,ITH,ITH3,5,Veneto
2023-11-06,FVG,950,422,528,950,ITH,ITH4,6,Friuli-Venezia Giulia
2024-02-06,EMR,144,65,79,144,ITH,ITH5,8,Emilia-Romagna
2024-06-17,LAZ,4,0,4,4,ITI,ITI4,12,Lazio
2024-01-12,LAZ,2018,951,1067,2018,ITI,ITI4,12,Lazio
2024-08-28,LAZ,6,4,2,6,ITI,ITI4,12,Lazio
2024-04-08,PUG,3,0,3,3,ITF,ITF4,16,Puglia
2024-03-04,BAS,9,6,3,9,ITF,ITF5,17,Basilicata
2023-10-22,VEN,6,4,2,6,ITH,ITH3,5,Veneto
2023-12-20,PAB,496,275,221,496,ITH,ITH1,4,Provincia Autonoma Bolzano / Bozen
2023-10-11,FVG,72,36,36,72,ITH,ITH4,6,Friuli-Venezia Giulia
2023-11-28,PAT,465,212,253,465,ITH,ITH2,4,Provincia Autonoma Trento
2023-11-06,CAL,60,32,28,60,ITF,ITF6,18,Calabria
2023-11-13,UMB,415,201,214,415,ITI,ITI2,10,Umbria
2024-06-05,EMR,7,5,2,7,ITH,ITH5,8,Emilia-Romagna
2023-12-15,PAT,451,224,227,451,ITH,ITH2,4,Provincia Autonoma Trento
2024-04-15,LOM,14,6,8,14,ITC,ITC4,3,Lombardia
2023-10-24,TOS,2453,1131,1322,2453,ITI,ITI1,9,Toscana
2023-11-16,LAZ,2651,1298,1353,2651,ITI,ITI4,12,Lazio
2024-01-06,LAZ,1120,565,555,1120,ITI,ITI4,12,Lazio
2023-12-22,SIC,948,529,419,948,ITG,ITG1,19,Sicilia
2023-10-19,PAT,318,146,172,318,ITH,ITH2,4,Provincia Autonoma Trento
2024-02-11,LIG,1,1,0,1,ITC,ITC3,7,Liguria
2023-11-18,LIG,257,127,130,257,ITC,ITC3,7,Liguria
2024-01-14,LAZ,657,309,348,657,ITI,ITI4,12,Lazio
2024-03-08,EMR,28,13,15,28,ITH,ITH5,8,Emilia-Romagna
2024-03-06,BAS,20,14,6,20,ITF,ITF5,17,Basilicata
2023-12-29,TOS,2109,1018,1091,2109,ITI,ITI1,9,Toscana
2024-05-22,TOS,5,3,2,5,ITI,ITI1,9,Toscana
2024-02-03,EMR,19,8,11,19,ITH,ITH5,8,Emilia-Romagna
2024-01-13,LOM,1220,578,642,1220,ITC,ITC4,3,Lombardia
2023-11-29,SAR,860,435,425,860,ITG,ITG2,20,Sardegna
2024-05-06,LIG,2,1,1,2,ITC,ITC3,7,Liguria
2024-03-09,VEN,6,3,3,6,ITH,ITH3,5,Veneto
2023-12-20,LIG,2359,1113,1246,2359,ITC,ITC3,7,Liguria
2023-10-31,PUG,883,453,430,883,ITF,ITF4,16,Puglia
2024-07-22,EMR,4,2,2,4,ITH,ITH5,8,Emilia-Romagna
2024-03-08,SAR,10,6,4,10,ITG,ITG2,20,Sardegna
2024-01-07,TOS,11,4,7,11,ITI,ITI1,9,Toscana
2023-11-18,PAB,9,2,7,9,ITH,ITH1,4,Provincia Autonoma Bolzano / Bozen
2023-10-09,LOM,380,153,227,380,ITC,ITC4,3,Lombardia
2024-01-26,SAR,197,87,110,197,ITG,ITG2,20,Sardegna
2024-02-03,ABR,6,3,3,6,ITF,ITF1,13,Abruzzo
2023-11-15,MAR,779,384,395,779,ITI,ITI3,11,Marche
2024-04-22,SAR,4,1,3,4,ITG,ITG2,20,Sardegna
2024-01-03,UMB,218,108,110,218,ITI,ITI2,10,Umbria
2024-03-13,SIC,10,4,6,10,ITG,ITG1,19,Sicilia
2024-02-13,PAB,6,3,3,6,ITH,ITH1,4,Provincia Autonoma Bolzano / Bozen
2023-11-15,SIC,216,116,100,216,ITG,ITG1,19,Sicilia
2024-01-09,ABR,196,106,90,196,ITF,ITF1,13,Abruzzo
2024-02-16,LOM,198,89,109,198,ITC,ITC4,3,Lombardia
2024-03-04,LOM,64,22,42,64,ITC,ITC4,3,Lombardia
2024-01-03,PIE,1220,601,619,1220,ITC,ITC1,1,Piemonte
2023-12-29,PAT,2090,1069,1021,2090,ITH,ITH2,4,Provincia Autonoma Trento
2024-03-08,PUG,9,2,7,9,ITF,ITF4,16,Puglia
2024-02-03,LOM,251,146,105,251,ITC,ITC4,3,Lombardia
2024-03-27,EMR,28,14,14,28,ITH,ITH5,8,Emilia-Romagna
2023-12-12,LAZ,4978,2421,2557,4978,ITI,ITI4,12,Lazio
2023-11-11,SIC,78,44,34,78,ITG,ITG1,19,Sicilia
2024-06-03,EMR,1,0,1,1,ITH,ITH5,8,Emilia-Romagna
2023-10-07,VEN,1,1,0,1,ITH,ITH3,5,Veneto
2024-02-05,CAM,44,23,21,44,ITF,ITF3,15,Campania
2024-02-08,SAR,157,85,72,157,ITG,ITG2,20,Sardegna
2024-02-05,FVG,93,43,50,93,ITH,ITH4,6,Friuli-Venezia Giulia
2023-10-26,TOS,4669,2176,2493,4669,ITI,ITI1,9,Toscana
2024-01-12,LIG,672,329,343,672,ITC,ITC3,7,Liguria
2024-01-02,CAM,439,230,209,439,ITF,ITF3,15,Campania
2023-12-26,VEN,284,153,131,284,ITH,ITH3,5,Veneto
2024-01-03,FVG,475,220,255,475,ITH,ITH4,6,Friuli-Venezia Giulia
2024-01-19,TOS,691,317,374,691,ITI,ITI1,9,Toscana
2023-11-29,BAS,129,72,57,129,ITF,ITF5,17,Basilicata
2024-01-03,CAL,265,155,110,265,ITF,ITF6,18,Calabria
2024-08-27,PUG,3,2,1,3,ITF,ITF4,16,Puglia
2024-01-28,LAZ,4,2,2,4,ITI,ITI4,12,Lazio
2024-02-06,ABR,16,6,10,16,ITF,ITF1,13,Abruzzo
2023-12-23,LAZ,4044,2179,1865,4044,ITI,ITI4,12,Lazio
2024-02-12,LOM,225,92,133,225,ITC,ITC4,3,Lombardia
2024-03-23,LOM,31,19,12,31,ITC,ITC4,3,Lombardia
2023-10-20,PAB,302,152,150,302,ITH,ITH1,4,Provincia Autonoma Bolzano / Bozen
2024-04-09,LOM,13,5,8,13,ITC,ITC4,3,Lombardia
2023-11-27,PAT,73,23,50,73,ITH,ITH2,4,Provincia Autonoma Trento
2023-12-15,FVG,1021,486,535,1021,ITH,ITH4,6,Friuli-Venezia Giulia
2024-02-05,CAL,15,9,6,15,ITF,ITF6,18,Calabria
2023-11-04,VEN,1777,887,890,1777,ITH,ITH3,5,Veneto
2024-02-14,LIG,99,50,49,99,ITC,ITC3,7,Liguria
2023-12-03,LOM,659,321,338,659,ITC,ITC4,3,Lombardia
2024-02-26,VEN,62,32,30,62,ITH,ITH3,5,Veneto
2024-09-16,ABR,2,1,1,2,ITF,ITF1,13,Abruzzo
2023-11-03,LIG,692,353,339,692,ITC,ITC3,7,Liguria
2024-01-04,UMB,329,167,162,329,ITI,ITI2,10,Umbria
2024-01-04,PIE,1142,541,601,1142,ITC,ITC1,1,Piemonte
2024-05-14,PIE,5,0,5,5,ITC,ITC1,1,Piemonte
2024-04-02,FVG,9,4,5,9,ITH,ITH4,6,Friuli-Venezia Giulia
2023-10-30,LIG,411,207,204,411,ITC,ITC3,7,Liguria
2023-11-18,EMR,2232,1084,1148,2232,ITH,ITH5,8,Emilia-Romagna
2023-11-22,UMB,678,336,342,678,ITI,ITI2,10,Umbria
2023-11-17,LAZ,2626,1274,1352,2626,ITI,ITI4,12,Lazio
2023-12-15,CAM,1437,822,615,1437,ITF,ITF3,15,Campania
2024-01-03,CAM,518,291,227,518,ITF,ITF3,15,Campania
2023-12-16,MAR,742,366,376,742,ITI,ITI3,11,Marche
2024-01-30,PUG,295,139,156,295,ITF,ITF4,16,Puglia
2024-02-12,EMR,104,55,49,104,ITH,ITH5,8,Emilia-Romagna
2024-02-22,LAZ,161,101,60,161,ITI,ITI4,12,Lazio
2023-12-08,VEN,1171,578,593,1171,ITH,ITH3,5,Veneto
2024-03-28,PIE,10,7,3,10,ITC,ITC1,1,Piemonte
2023-10-12,EMR,55,24,31,55,ITH,ITH5,8,Emilia-Romagna
2023-12-20,EMR,5667,2857,2810,5667,ITH,ITH5,8,Emilia-Romagna
2023-12-21,VEN,4579,2340,2239,4579,ITH,ITH3,5,Veneto
2023-11-15,MOL,97,57,40,97,ITF,ITF2,14,Molise
2024-03-26,EMR,19,9,10,19,ITH,ITH5,8,Emilia-Romagna
2023-10-05,CAM,40,24,16,40,ITF,ITF3,15,Campania
2024-02-02,ABR,11,6,5,11,ITF,ITF1,13,Abruzzo
2024-02-13,PIE,50,28,22,50,ITC,ITC1,1,Piemonte
2024-04-10,ABR,1,1,0,1,ITF,ITF1,13,Abruzzo
2023-12-05,PUG,2220,1129,1091,2220,ITF,ITF4,16,Puglia
2024-02-19,PUG,58,26,32,58,ITF,ITF4,16,Puglia
2024-02-02,PUG,117,55,62,117,ITF,ITF4,16,Puglia
2024-02-06,LOM,345,138,207,345,ITC,ITC4,3,Lombardia
2024-02-21,PIE,56,35,21,56,ITC,ITC1,1,Piemonte
2024-02-21,UMB,8,1,7,8,ITI,ITI2,10,Umbria
2024-03-26,SAR,7,4,3,7,ITG,ITG2,20,Sardegna
2024-03-06,CAM,10,5,5,10,ITF,ITF3,15,Campania
2024-04-10,PUG,13,4,9,13,ITF,ITF4,16,Puglia
2024-01-25,SAR,389,190,199,389,ITG,ITG2,20,Sardegna
2024-01-02,LOM,2125,1013,1112,2125,ITC,ITC4,3,Lombardia
2023-11-24,LAZ,2243,1084,1159,2243,ITI,ITI4,12,Lazio
2024-05-17,SAR,2,1,1,2,ITG,ITG2,20,Sardegna
2024-05-17,PIE,11,5,6,11,ITC,ITC1,1,Piemonte
2024-03-09,PIE,8,4,4,8,ITC,ITC1,1,Piemonte
2023-10-07,PIE,47,24,23,47,ITC,ITC1,1,Piemonte
2023-11-04,UMB,175,82,93,175,ITI,ITI2,10,Umbria
2024-01-24,SAR,245,133,112,245,ITG,ITG2,20,Sardegna
2023-12-13,EMR,6097,3000,3097,6097,ITH,ITH5,8,Emilia-Romagna
2024-01-26,BAS,34,21,13,34,ITF,ITF5,17,Basilicata
2023-10-13,PAB,232,121,111,232,ITH,ITH1,4,Provincia Autonoma Bolzano / Bozen
2023-11-29,ABR,381,188,193,381,ITF,ITF1,13,Abruzzo
2023-12-10,LAZ,196,89,107,196,ITI,ITI4,12,Lazio
2024-01-26,ABR,54,27,27,54,ITF,ITF1,13,Abruzzo
2023-12-27,MOL,138,75,63,138,ITF,ITF2,14,Molise
2023-12-18,BAS,298,159,139,298,ITF,ITF5,17,Basilicata
2024-01-30,ABR,33,17,16,33,ITF,ITF1,13,Abruzzo
2023-10-20,LIG,84,33,51,84,ITC,ITC3,7,Liguria
2024-06-03,CAL,1,1,0,1,ITF,ITF6,18,Calabria
2023-11-22,VEN,3920,1787,2133,3920,ITH,ITH3,5,Veneto
2023-10-29,LOM,640,314,326,640,ITC,ITC4,3,Lombardia
2024-02-05,LOM,321,147,174,321,ITC,ITC4,3,Lombardia
2023-10-30,PAB,195,89,106,195,ITH,ITH1,4,Provincia Autonoma Bolzano / Bozen
2024-01-08,LOM,2700,1284,1416,2700,ITC,ITC4,3,Lombardia
2023-12-17,PUG,77,41,36,77,ITF,ITF4,16,Puglia
2024-01-13,PAT,9,5,4,9,ITH,ITH2,4,Provincia Autonoma Trento
2024-07-03,VEN,5,1,4,5,ITH,ITH3,5,Veneto
2023-11-08,VDA,212,106,106,212,ITC,ITC2,2,Valle d'Aosta / Vallée d'Aoste
2024-05-16,LAZ,3,1,2,3,ITI,ITI4,12,Lazio
2024-05-03,VEN,7,1,6,7,ITH,ITH3,5,Veneto
2024-04-19,MAR,1,0,1,1,ITI,ITI3,11,Marche
2024-03-08,PAT,7,1,6,7,ITH,ITH2,4,Provincia Autonoma Trento
2024-07-26,CAM,2,1,1,2,ITF,ITF3,15,Campania
2024-05-06,EMR,4,2,2,4,ITH,ITH5,8,Emilia-Romagna
2024-02-13,UMB,4,2,2,4,ITI,ITI2,10,Umbria
2024-06-11,PIE,2,1,1,2,ITC,ITC1,1,Piemonte
2024-02-16,PAT,6,3,3,6,ITH,ITH2,4,Provincia Autonoma Trento
2024-02-26,PAB,6,3,3,6,ITH,ITH1,4,Provincia Autonoma Bolzano / Bozen
2024-04-23,LAZ,7,3,4,7,ITI,ITI4,12,Lazio
2023-10-02,LAZ,17,7,10,17,ITI,ITI4,12,Lazio
2024-04-10,FVG,1,0,1,1,ITH,ITH4,6,Friuli-Venezia Giulia
2023-10-29,VEN,36,20,16,36,ITH,ITH3,5,Veneto
2024-04-16,VEN,6,0,6,6,ITH,ITH3,5,Veneto
2024-05-31,LAZ,3,2,1,3,ITI,ITI4,12,Lazio
2024-03-06,CAL,1,1,0,1,ITF,ITF6,18,Calabria
2024-03-13,BAS,3,2,1,3,ITF,ITF5,17,Basilicata
2023-10-11,MAR,4,2,2,4,ITI,ITI3,11,Marche
2024-02-10,CAM,2,1,1,2,ITF,ITF3,15,Campania
2024-02-14,UMB,23,14,9,23,ITI,ITI2,10,Umbria
2023-10-20,CAL,6,4,2,6,ITF,ITF6,18,Calabria
2024-01-19,PAB,8,5,3,8,ITH,ITH1,4,Provincia Autonoma Bolzano / Bozen
2024-04-09,TOS,3,1,2,3,ITI,ITI1,9,Toscana
2024-01-24,PAB,6,0,6,6,ITH,ITH1,4,Provincia Autonoma Bolzano / Bozen
2023-10-29,FVG,9,4,5,9,ITH,ITH4,6,Friuli-Venezia Giulia
2024-06-14,SIC,1,0,1,1,ITG,ITG1,19,Sicilia
2024-07-09,PIE,2,0,2,2,ITC,ITC1,1,Piemonte
2024-02-13,MOL,1,1,0,1,ITF,ITF2,14,Molise
2024-06-13,ABR,1,1,0,1,ITF,ITF1,13,Abruzzo
2024-01-06,TOS,6,3,3,6,ITI,ITI1,9,Toscana
2024-03-23,LIG,6,3,3,6,ITC,ITC3,7,Liguria
2024-08-23,VEN,6,2,4,6,ITH,ITH3,5,Veneto
2023-10-29,PAT,1,0,1,1,ITH,ITH2,4,Provincia Autonoma Trento
2024-09-12,FVG,2,1,1,2,ITH,ITH4,6,Friuli-Venezia Giulia
2024-06-07,SAR,1,1,0,1,ITG,ITG2,20,Sardegna
2024-03-23,FVG,1,0,1,1,ITH,ITH4,6,Friuli-Venezia Giulia
2024-03-27,SIC,1,1,0,1,ITG,ITG1,19,Sicilia
2024-03-11,MAR,1,1,0,1,ITI,ITI3,11,Marche
2023-11-22,LIG,1153,559,594,1153,ITC,ITC3,7,Liguria
2023-12-03,UMB,9,3,6,9,ITI,ITI2,10,Umbria
2023-12-13,MAR,127,47,80,127,ITI,ITI3,11,Marche
2023-12-18,SIC,748,399,349,748,ITG,ITG1,19,Sicilia
2024-01-31,PIE,312,156,156,312,ITC,ITC1,1,Piemonte
2023-11-21,CAM,412,217,195,412,ITF,ITF3,15,Campania
2024-01-19,FVG,269,131,138,269,ITH,ITH4,6,Friuli-Venezia Giulia
2024-02-23,PUG,45,22,23,45,ITF,ITF4,16,Puglia
2023-12-26,PUG,7,6,1,7,ITF,ITF4,16,Puglia
2024-03-19,PUG,5,2,3,5,ITF,ITF4,16,Puglia
2023-11-09,PAT,738,386,352,738,ITH,ITH2,4,Provincia Autonoma Trento
2024-04-22,SIC,2,1,1,2,ITG,ITG1,19,Sicilia
2024-03-29,EMR,24,13,11,24,ITH,ITH5,8,Emilia-Romagna
2023-11-22,FVG,1089,519,570,1089,ITH,ITH4,6,Friuli-Venezia Giulia
2023-10-19,FVG,307,147,160,307,ITH,ITH4,6,Friuli-Venezia Giulia
2023-11-21,LIG,1693,849,844,1693,ITC,ITC3,7,Liguria
2024-01-19,LIG,339,145,194,339,ITC,ITC3,7,Liguria
2024-01-02,PAB,22,13,9,22,ITH,ITH1,4,Provincia Autonoma Bolzano / Bozen
2024-02-26,LOM,84,35,49,84,ITC,ITC4,3,Lombardia
2023-12-07,LAZ,3639,1738,1901,3639,ITI,ITI4,12,Lazio
2024-05-07,LAZ,2,0,2,2,ITI,ITI4,12,Lazio
2024-02-09,PIE,207,92,115,207,ITC,ITC1,1,Piemonte
2024-02-28,LAZ,61,22,39,61,ITI,ITI4,12,Lazio
2024-06-25,EMR,1,0,1,1,ITH,ITH5,8,Emilia-Romagna
2023-11-28,CAL,197,119,78,197,ITF,ITF6,18,Calabria
2023-12-15,CAL,495,277,218,495,ITF,ITF6,18,Calabria
2024-02-07,PIE,231,107,124,231,ITC,ITC1,1,Piemonte
2024-02-07,UMB,50,27,23,50,ITI,ITI2,10,Umbria
2023-10-12,MAR,29,15,14,29,ITI,ITI3,11,Marche
2024-01-15,SAR,304,158,146,304,ITG,ITG2,20,Sardegna
2023-12-29,LOM,4623,2115,2508,4623,ITC,ITC4,3,Lombardia
2024-03-23,VEN,7,2,5,7,ITH,ITH3,5,Veneto
2023-10-30,VEN,1340,603,737,1340,ITH,ITH3,5,Veneto
2024-02-08,LOM,469,229,240,469,ITC,ITC4,3,Lombardia
2024-01-12,TOS,1279,572,707,1279,ITI,ITI1,9,Toscana
2023-11-08,SIC,63,31,32,63,ITG,ITG1,19,Sicilia
2024-03-15,EMR,38,15,23,38,ITH,ITH5,8,Emilia-Romagna
2023-11-05,VDA,8,3,5,8,ITC,ITC2,2,Valle d'Aosta / Vallée d'Aoste
2024-02-05,SAR,5,1,4,5,ITG,ITG2,20,Sardegna
2024-01-03,VEN,697,302,395,697,ITH,ITH3,5,Veneto
2023-12-12,LIG,2902,1388,1514,2902,ITC,ITC3,7,Liguria
2023-12-29,LIG,820,404,416,820,ITC,ITC3,7,Liguria
2023-11-19,ABR,25,13,12,25,ITF,ITF1,13,Abruzzo
2024-02-15,FVG,110,53,57,110,ITH,ITH4,6,Friuli-Venezia Giulia
2024-04-30,LOM,25,7,18,25,ITC,ITC4,3,Lombardia
2024-03-29,LOM,14,8,6,14,ITC,ITC4,3,Lombardia
2024-02-26,CAL,10,3,7,10,ITF,ITF6,18,Calabria
2023-11-18,PUG,349,175,174,349,ITF,ITF4,16,Puglia
2024-02-08,LIG,183,87,96,183,ITC,ITC3,7,Liguria
2024-02-11,CAL,2,1,1,2,ITF,ITF6,18,Calabria
2023-09-26,TOS,15,7,8,15,ITI,ITI1,9,Toscana
2024-01-24,LIG,412,165,247,412,ITC,ITC3,7,Liguria
2024-01-19,SAR,246,121,125,246,ITG,ITG2,20,Sardegna
2023-11-03,UMB,549,291,258,549,ITI,ITI2,10,Umbria
2023-12-26,PAT,39,19,20,39,ITH,ITH2,4,Provincia Autonoma Trento
2023-10-26,UMB,128,61,67,128,ITI,ITI2,10,Umbria
2023-11-22,LOM,10521,4954,5567,10521,ITC,ITC4,3,Lombardia
2023-12-12,CAM,1425,762,663,1425,ITF,ITF3,15,Campania
2024-02-26,CAM,21,13,8,21,ITF,ITF3,15,Campania
2023-11-24,VDA,126,67,59,126,ITC,ITC2,2,Valle d'Aosta / Vallée d'Aoste
2024-02-28,SIC,57,34,23,57,ITG,ITG1,19,Sicilia
2023-11-16,MOL,123,57,66,123,ITF,ITF2,14,Molise
2024-01-20,MAR,71,39,32,71,ITI,ITI3,11,Marche
2023-12-21,FVG,1069,520,549,1069,ITH,ITH4,6,Friuli-Venezia Giulia
2024-02-10,TOS,41,19,22,41,ITI,ITI1,9,Toscana
2024-01-02,PIE,876,443,433,876,ITC,ITC1,1,Piemonte
2023-11-09,PUG,1594,845,749,1594,ITF,ITF4,16,Puglia
2023-11-21,PIE,2956,1356,1600,2956,ITC,ITC1,1,Piemonte
2024-01-24,CAM,194,101,93,194,ITF,ITF3,15,Campania
2023-11-14,MAR,700,365,335,700,ITI,ITI3,11,Marche
2023-12-17,UMB,13,6,7,13,ITI,ITI2,10,Umbria
2024-01-10,SAR,598,285,313,598,ITG,ITG2,20,Sardegna
2024-02-26,LIG,14,7,7,14,ITC,ITC3,7,Liguria
2024-01-08,EMR,1285,623,662,1285,ITH,ITH5,8,Emilia-Romagna
2023-12-15,VEN,4005,1987,2018,4005,ITH,ITH3,5,Veneto
2023-11-03,VEN,1372,628,744,1372,ITH,ITH3,5,Veneto
2024-01-10,LOM,3375,1568,1807,3375,ITC,ITC4,3,Lombardia
2024-03-18,ABR,36,20,16,36,ITF,ITF1,13,Abruzzo
2023-09-29,TOS,3,0,3,3,ITI,ITI1,9,Toscana
2023-10-17,ABR,41,26,15,41,ITF,ITF1,13,Abruzzo
2024-01-03,SAR,539,280,259,539,ITG,ITG2,20,Sardegna
2024-01-10,VEN,1179,558,621,1179,ITH,ITH3,5,Veneto
2023-11-28,LIG,1115,582,533,1115,ITC,ITC3,7,Liguria
2024-06-07,VEN,13,5,8,13,ITH,ITH3,5,Veneto
2023-11-20,SIC,186,96,90,186,ITG,ITG1,19,Sicilia
2023-11-07,ABR,287,159,128,287,ITF,ITF1,13,Abruzzo
2024-01-25,FVG,327,137,190,327,ITH,ITH4,6,Friuli-Venezia Giulia
2024-01-18,MAR,177,86,91,177,ITI,ITI3,11,Marche
2023-12-15,LOM,10745,5225,5520,10745,ITC,ITC4,3,Lombardia
2024-01-16,SAR,369,181,188,369,ITG,ITG2,20,Sardegna
2023-11-03,PAB,307,141,166,307,ITH,ITH1,4,Provincia Autonoma Bolzano / Bozen
2023-10-26,PAB,787,393,394,787,ITH,ITH1,4,Provincia Autonoma Bolzano / Bozen
2024-02-08,CAM,89,36,53,89,ITF,ITF3,15,Campania
2023-12-30,EMR,159,69,90,159,ITH,ITH5,8,Emilia-Romagna
2023-12-08,PIE,113,52,61,113,ITC,ITC1,1,Piemonte
2023-11-19,PUG,31,15,16,31,ITF,ITF4,16,Puglia
2024-08-01,LAZ,10,8,2,10,ITI,ITI4,12,Lazio
2024-01-03,PAB,12,5,7,12,ITH,ITH1,4,Provincia Autonoma Bolzano / Bozen
2024-07-09,SAR,2,1,1,2,ITG,ITG2,20,Sardegna
2023-12-24,CAM,3,1,2,3,ITF,ITF3,15,Campania
2024-01-29,MOL,1,0,1,1,ITF,ITF2,14,Molise
2024-05-29,TOS,2,0,2,2,ITI,ITI1,9,Toscana
2024-09-12,EMR,1,0,1,1,ITH,ITH5,8,Emilia-Romagna
2024-06-27,VEN,3,3,0,3,ITH,ITH3,5,Veneto
2024-08-30,BAS,1,1,0,1,ITF,ITF5,17,Basilicata
2024-05-21,CAL,1,0,1,1,ITF,ITF6,18,Calabria
2024-08-13,TOS,2,2,0,2,ITI,ITI1,9,Toscana
2023-10-28,PAB,7,2,5,7,ITH,ITH1,4,Provincia Autonoma Bolzano / Bozen
2024-07-10,EMR,6,3,3,6,ITH,ITH5,8,Emilia-Romagna
2024-09-13,LAZ,4,2,2,4,ITI,ITI4,12,Lazio
2024-08-07,EMR,4,0,4,4,ITH,ITH5,8,Emilia-Romagna
2024-08-06,LAZ,3,2,1,3,ITI,ITI4,12,Lazio
2024-02-20,MOL,1,0,1,1,ITF,ITF2,14,Molise
2023-10-01,MAR,1,1,0,1,ITI,ITI3,11,Marche
2024-06-25,SAR,2,1,1,2,ITG,ITG2,20,Sardegna
2024-05-18,PIE,1,0,1,1,ITC,ITC1,1,Piemonte
2024-02-29,CAL,3,0,3,3,ITF,ITF6,18,Calabria
2023-10-04,ABR,2,1,1,2,ITF,ITF1,13,Abruzzo
2023-09-26,EMR,2,2,0,2,ITH,ITH5,8,Emilia-Romagna
2024-01-07,FVG,1,0,1,1,ITH,ITH4,6,Friuli-Venezia Giulia
2024-05-11,FVG,1,1,0,1,ITH,ITH4,6,Friuli-Venezia Giulia
2024-03-26,CAL,1,1,0,1,ITF,ITF6,18,Calabria
2024-08-06,EMR,3,2,1,3,ITH,ITH5,8,Emilia-Romagna
2024-06-27,LAZ,3,1,2,3,ITI,ITI4,12,Lazio
2024-06-14,FVG,1,1,0,1,ITH,ITH4,6,Friuli-Venezia Giulia
2024-06-12,CAM,1,1,0,1,ITF,ITF3,15,Campania
2024-07-15,FVG,1,0,1,1,ITH,ITH4,6,Friuli-Venezia Giulia
2024-06-03,LIG,1,1,0,1,ITC,ITC3,7,Liguria
2023-10-22,PAT,1,0,1,1,ITH,ITH2,4,Provincia Autonoma Trento
2024-03-07,CAL,1,1,0,1,ITF,ITF6,18,Calabria
2024-02-13,LAZ,109,42,67,109,ITI,ITI4,12,Lazio
2024-01-15,PIE,805,385,420,805,ITC,ITC1,1,Piemonte
2023-11-30,PUG,2298,1107,1191,2298,ITF,ITF4,16,Puglia
2023-12-12,PIE,3431,1666,1765,3431,ITC,ITC1,1,Piemonte
2023-12-24,LAZ,229,115,114,229,ITI,ITI4,12,Lazio
2023-11-29,FVG,1341,634,707,1341,ITH,ITH4,6,Friuli-Venezia Giulia
2024-02-23,TOS,25,11,14,25,ITI,ITI1,9,Toscana
2024-03-11,VEN,31,9,22,31,ITH,ITH3,5,Veneto
2023-11-23,ABR,445,225,220,445,ITF,ITF1,13,Abruzzo
2023-10-16,PAT,227,76,151,227,ITH,ITH2,4,Provincia Autonoma Trento
2024-06-18,PAT,73,12,61,73,ITH,ITH2,4,Provincia Autonoma Trento
2024-03-12,LIG,31,11,20,31,ITC,ITC3,7,Liguria
2023-11-19,LOM,494,236,258,494,ITC,ITC4,3,Lombardia
2023-11-02,VDA,164,72,92,164,ITC,ITC2,2,Valle d'Aosta / Vallée d'Aoste
2023-10-28,PUG,396,211,185,396,ITF,ITF4,16,Puglia
2023-11-11,LAZ,1015,504,511,1015,ITI,ITI4,12,Lazio
2024-03-20,SAR,10,6,4,10,ITG,ITG2,20,Sardegna
2024-03-25,LOM,18,3,15,18,ITC,ITC4,3,Lombardia
2024-01-30,PAB,16,12,4,16,ITH,ITH1,4,Provincia Autonoma Bolzano / Bozen
2023-10-29,PUG,62,39,23,62,ITF,ITF4,16,Puglia
2023-10-17,LOM,4983,2595,2388,4983,ITC,ITC4,3,Lombardia
2023-12-19,BAS,651,323,328,651,ITF,ITF5,17,Basilicata
2023-10-24,CAM,362,204,158,362,ITF,ITF3,15,Campania
2023-11-12,VEN,186,101,85,186,ITH,ITH3,5,Veneto
2024-02-20,CAM,25,14,11,25,ITF,ITF3,15,Campania
2024-01-10,PAT,80,41,39,80,ITH,ITH2,4,Provincia Autonoma Trento
2023-12-23,BAS,89,47,42,89,ITF,ITF5,17,Basilicata
2024-03-18,LOM,64,19,45,64,ITC,ITC4,3,Lombardia
2024-01-13,FVG,24,14,10,24,ITH,ITH4,6,Friuli-Venezia Giulia
2024-01-26,FVG,158,73,85,158,ITH,ITH4,6,Friuli-Venezia Giulia
2024-02-07,TOS,153,65,88,153,ITI,ITI1,9,Toscana
2023-11-13,EMR,3951,1898,2053,3951,ITH,ITH5,8,Emilia-Romagna
2023-11-16,SIC,291,160,131,291,ITG,ITG1,19,Sicilia
2024-03-05,LOM,101,30,71,101,ITC,ITC4,3,Lombardia
2023-12-27,MAR,398,212,186,398,ITI,ITI3,11,Marche
2024-01-14,SIC,4,2,2,4,ITG,ITG1,19,Sicilia
2024-03-05,VEN,18,9,9,18,ITH,ITH3,5,Veneto
2024-01-22,SIC,136,56,80,136,ITG,ITG1,19,Sicilia
2024-02-17,VEN,8,4,4,8,ITH,ITH3,5,Veneto
2024-01-30,UMB,11,6,5,11,ITI,ITI2,10,Umbria
2024-02-13,SIC,66,36,30,66,ITG,ITG1,19,Sicilia
2024-04-24,LOM,44,20,24,44,ITC,ITC4,3,Lombardia
2024-03-11,SAR,7,0,7,7,ITG,ITG2,20,Sardegna
2023-12-02,LAZ,2440,1200,1240,2440,ITI,ITI4,12,Lazio
2023-11-02,ABR,190,99,91,190,ITF,ITF1,13,Abruzzo
2023-10-29,PIE,23,11,12,23,ITC,ITC1,1,Piemonte
2023-12-04,ABR,419,215,204,419,ITF,ITF1,13,Abruzzo
2024-01-31,TOS,243,114,129,243,ITI,ITI1,9,Toscana
2024-07-24,LAZ,11,8,3,11,ITI,ITI4,12,Lazio
2024-02-01,UMB,35,16,19,35,ITI,ITI2,10,Umbria
2023-12-01,PUG,2415,1209,1206,2415,ITF,ITF4,16,Puglia
2023-12-17,TOS,61,28,33,61,ITI,ITI1,9,Toscana
2024-01-29,BAS,51,28,23,51,ITF,ITF5,17,Basilicata
2023-11-20,MAR,588,312,276,588,ITI,ITI3,11,Marche
2024-02-12,PUG,71,34,37,71,ITF,ITF4,16,Puglia
2024-02-01,PIE,199,85,114,199,ITC,ITC1,1,Piemonte
2024-01-19,PIE,989,478,511,989,ITC,ITC1,1,Piemonte
2023-12-09,PIE,696,335,361,696,ITC,ITC1,1,Piemonte
2024-03-20,LIG,17,7,10,17,ITC,ITC3,7,Liguria
2023-12-28,VDA,51,28,23,51,ITC,ITC2,2,Valle d'Aosta / Vallée d'Aoste
2024-05-23,VEN,3,1,2,3,ITH,ITH3,5,Veneto
2024-02-02,LIG,82,47,35,82,ITC,ITC3,7,Liguria
2023-11-12,UMB,127,73,54,127,ITI,ITI2,10,Umbria
2024-03-07,SIC,6,0,6,6,ITG,ITG1,19,Sicilia
2023-11-30,PAT,682,345,337,682,ITH,ITH2,4,Provincia Autonoma Trento
2023-11-19,EMR,325,144,181,325,ITH,ITH5,8,Emilia-Romagna
2023-11-08,BAS,33,24,9,33,ITF,ITF5,17,Basilicata
2024-06-03,PIE,9,4,5,9,ITC,ITC1,1,Piemonte
2024-03-11,PAT,4,2,2,4,ITH,ITH2,4,Provincia Autonoma Trento
2024-01-17,ABR,165,74,91,165,ITF,ITF1,13,Abruzzo
2023-11-09,PAB,561,272,289,561,ITH,ITH1,4,Provincia Autonoma Bolzano / Bozen
2023-10-23,LIG,290,145,145,290,ITC,ITC3,7,Liguria
2023-10-12,LOM,563,245,318,563,ITC,ITC4,3,Lombardia
2023-10-09,SAR,66,32,34,66,ITG,ITG2,20,Sardegna
2023-12-19,LAZ,5927,2772,3155,5927,ITI,ITI4,12,Lazio
2024-04-30,SAR,3,2,1,3,ITG,ITG2,20,Sardegna
2024-04-18,FVG,2,1,1,2,ITH,ITH4,6,Friuli-Venezia Giulia
2024-03-27,SAR,4,1,3,4,ITG,ITG2,20,Sardegna
2024-03-28,VEN,20,4,16,20,ITH,ITH3,5,Veneto
2024-04-22,EMR,2,1,1,2,ITH,ITH5,8,Emilia-Romagna
2024-04-17,LAZ,7,4,3,7,ITI,ITI4,12,Lazio
2024-03-15,MAR,1,1,0,1,ITI,ITI3,11,Marche
2023-11-04,SIC,18,12,6,18,ITG,ITG1,19,Sicilia
2024-04-10,PIE,8,5,3,8,ITC,ITC1,1,Piemonte
2023-10-29,UMB,3,1,2,3,ITI,ITI2,10,Umbria
2024-06-15,TOS,6,2,4,6,ITI,ITI1,9,Toscana
2024-03-16,SIC,4,2,2,4,ITG,ITG1,19,Sicilia
2024-08-21,PAT,3,1,2,3,ITH,ITH2,4,Provincia Autonoma Trento
2024-02-05,UMB,7,5,2,7,ITI,ITI2,10,Umbria
2024-04-18,VEN,6,3,3,6,ITH,ITH3,5,Veneto
2024-02-20,CAL,6,3,3,6,ITF,ITF6,18,Calabria
2024-05-14,VEN,3,2,1,3,ITH,ITH3,5,Veneto
2024-04-03,MAR,1,0,1,1,ITI,ITI3,11,Marche
2024-06-21,SAR,1,0,1,1,ITG,ITG2,20,Sardegna
2024-05-09,PIE,2,1,1,2,ITC,ITC1,1,Piemonte
2024-02-24,ABR,1,0,1,1,ITF,ITF1,13,Abruzzo
2024-07-04,VEN,2,0,2,2,ITH,ITH3,5,Veneto
2024-04-29,SAR,4,2,2,4,ITG,ITG2,20,Sardegna
2023-12-31,FVG,1,0,1,1,ITH,ITH4,6,Friuli-Venezia Giulia
2024-04-04,ABR,1,1,0,1,ITF,ITF1,13,Abruzzo
2024-08-28,TOS,1,0,1,1,ITI,ITI1,9,Toscana
2024-07-30,SAR,3,2,1,3,ITG,ITG2,20,Sardegna
2024-07-25,ABR,1,1,0,1,ITF,ITF1,13,Abruzzo
2024-07-10,SIC,2,2,0,2,ITG,ITG1,19,Sicilia
2024-03-29,PAT,2,1,1,2,ITH,ITH2,4,Provincia Autonoma Trento
2024-05-29,PAT,1,1,0,1,ITH,ITH2,4,Provincia Autonoma Trento
2024-03-08,ABR,1,0,1,1,ITF,ITF1,13,Abruzzo
2024-02-19,CAL,1,1,0,1,ITF,ITF6,18,Calabria
2024-05-02,PAT,1,1,0,1,ITH,ITH2,4,Provincia Autonoma Trento
2024-02-04,LAZ,1,1,0,1,ITI,ITI4,12,Lazio
2023-12-26,UMB,1,0,1,1,ITI,ITI2,10,Umbria
2024-09-02,TOS,1,0,1,1,ITI,ITI1,9,Toscana
2024-01-12,SIC,489,246,243,489,ITG,ITG1,19,Sicilia
2023-12-20,UMB,952,501,451,952,ITI,ITI2,10,Umbria
2024-01-29,SIC,104,50,54,104,ITG,ITG1,19,Sicilia
2024-05-29,PIE,10,8,2,10,ITC,ITC1,1,Piemonte
2024-01-19,LAZ,1441,683,758,1441,ITI,ITI4,12,Lazio
2023-12-28,EMR,1925,934,991,1925,ITH,ITH5,8,Emilia-Romagna
2023-10-05,PIE,14,9,5,14,ITC,ITC1,1,Piemonte
2024-02-02,LOM,205,79,126,205,ITC,ITC4,3,Lombardia
2024-03-11,CAL,1,0,1,1,ITF,ITF6,18,Calabria
2023-11-13,LIG,394,190,204,394,ITC,ITC3,7,Liguria
2024-01-30,SAR,218,104,114,218,ITG,ITG2,20,Sardegna
2024-05-27,PUG,2,1,1,2,ITF,ITF4,16,Puglia
2023-10-19,PUG,487,261,226,487,ITF,ITF4,16,Puglia
2024-04-10,LOM,16,8,8,16,ITC,ITC4,3,Lombardia
2024-02-06,CAL,14,7,7,14,ITF,ITF6,18,Calabria
2024-02-07,CAL,19,9,10,19,ITF,ITF6,18,Calabria
2024-01-18,CAM,181,105,76,181,ITF,ITF3,15,Campania
2023-12-02,PIE,1198,604,594,1198,ITC,ITC1,1,Piemonte
2023-11-16,MAR,859,429,430,859,ITI,ITI3,11,Marche
2023-11-21,MOL,47,29,18,47,ITF,ITF2,14,Molise
2024-03-29,PUG,11,8,3,11,ITF,ITF4,16,Puglia
2024-05-24,LAZ,5,1,4,5,ITI,ITI4,12,Lazio
2023-12-14,VDA,63,30,33,63,ITC,ITC2,2,Valle d'Aosta / Vallée d'Aoste
2023-10-31,PAT,448,243,205,448,ITH,ITH2,4,Provincia Autonoma Trento
2023-11-14,BAS,24,10,14,24,ITF,ITF5,17,Basilicata
2024-02-06,VEN,105,50,55,105,ITH,ITH3,5,Veneto
2023-10-05,SAR,42,23,19,42,ITG,ITG2,20,Sardegna
2024-03-11,FVG,14,5,9,14,ITH,ITH4,6,Friuli-Venezia Giulia
2024-08-02,TOS,2,2,0,2,ITI,ITI1,9,Toscana
2024-07-26,PIE,9,6,3,9,ITC,ITC1,1,Piemonte
2024-01-13,VEN,1138,560,578,1138,ITH,ITH3,5,Veneto
2023-10-09,FVG,48,26,22,48,ITH,ITH4,6,Friuli-Venezia Giulia
2023-10-22,LOM,381,190,191,381,ITC,ITC4,3,Lombardia
2023-10-25,MOL,74,40,34,74,ITF,ITF2,14,Molise
2024-04-24,LIG,6,2,4,6,ITC,ITC3,7,Liguria
2023-10-16,CAM,172,98,74,172,ITF,ITF3,15,Campania
2023-10-26,LAZ,862,429,433,862,ITI,ITI4,12,Lazio
2023-11-23,FVG,1265,587,678,1265,ITH,ITH4,6,Friuli-Venezia Giulia
2023-11-18,UMB,235,120,115,235,ITI,ITI2,10,Umbria
2024-01-18,CAL,82,46,36,82,ITF,ITF6,18,Calabria
2023-11-07,PAB,557,283,274,557,ITH,ITH1,4,Provincia Autonoma Bolzano / Bozen
2024-03-05,LIG,33,14,19,33,ITC,ITC3,7,Liguria
2023-11-29,VEN,4808,2298,2510,4808,ITH,ITH3,5,Veneto
2023-10-17,LIG,350,149,201,350,ITC,ITC3,7,Liguria
2024-03-12,TOS,22,8,14,22,ITI,ITI1,9,Toscana
2023-12-14,MAR,1116,556,560,1116,ITI,ITI3,11,Marche
2023-11-29,LOM,10766,5112,5654,10766,ITC,ITC4,3,Lombardia
2024-02-07,CAM,46,22,24,46,ITF,ITF3,15,Campania
2024-01-04,SAR,1462,704,758,1462,ITG,ITG2,20,Sardegna
2023-11-15,LAZ,2473,1227,1246,2473,ITI,ITI4,12,Lazio
2023-12-29,PUG,1391,720,671,1391,ITF,ITF4,16,Puglia
2024-01-18,FVG,277,137,140,277,ITH,ITH4,6,Friuli-Venezia Giulia
2024-05-02,PUG,2,2,0,2,ITF,ITF4,16,Puglia
2023-10-27,VDA,220,98,122,220,ITC,ITC2,2,Valle d'Aosta / Vallée d'Aoste
2023-12-01,LIG,1150,589,561,1150,ITC,ITC3,7,Liguria
2024-06-21,VEN,3,2,1,3,ITH,ITH3,5,Veneto
2024-03-18,FVG,17,7,10,17,ITH,ITH4,6,Friuli-Venezia Giulia
2024-01-30,EMR,302,132,170,302,ITH,ITH5,8,Emilia-Romagna
2024-02-16,PIE,156,84,72,156,ITC,ITC1,1,Piemonte
2023-12-17,CAM,80,41,39,80,ITF,ITF3,15,Campania
2023-11-13,PAB,209,81,128,209,ITH,ITH1,4,Provincia Autonoma Bolzano / Bozen
2024-03-27,VEN,40,10,30,40,ITH,ITH3,5,Veneto
2024-03-28,SAR,9,5,4,9,ITG,ITG2,20,Sardegna
2024-01-10,UMB,807,408,399,807,ITI,ITI2,10,Umbria
2024-01-23,LAZ,943,430,513,943,ITI,ITI4,12,Lazio
2023-10-27,MAR,910,478,432,910,ITI,ITI3,11,Marche
2024-07-30,VEN,5,2,3,5,ITH,ITH3,5,Veneto
2024-04-18,PUG,2,1,1,2,ITF,ITF4,16,Puglia
2024-02-15,PAT,5,1,4,5,ITH,ITH2,4,Provincia Autonoma Trento
2023-11-14,PAT,454,226,228,454,ITH,ITH2,4,Provincia Autonoma Trento
2024-01-11,MAR,323,163,160,323,ITI,ITI3,11,Marche
2023-10-21,LAZ,444,218,226,444,ITI,ITI4,12,Lazio
2023-11-05,MAR,28,11,17,28,ITI,ITI3,11,Marche
2023-10-14,TOS,358,182,176,358,ITI,ITI1,9,Toscana
2023-11-25,MOL,118,63,55,118,ITF,ITF2,14,Molise
2024-04-02,ABR,1,0,1,1,ITF,ITF1,13,Abruzzo
2024-02-01,PUG,175,82,93,175,ITF,ITF4,16,Puglia
2024-02-20,PUG,29,15,14,29,ITF,ITF4,16,Puglia
2024-07-08,LAZ,2,0,2,2,ITI,ITI4,12,Lazio
2024-05-10,SIC,1,1,0,1,ITG,ITG1,19,Sicilia
2024-06-03,VEN,1,1,0,1,ITH,ITH3,5,Veneto
2023-12-08,PAB,1,1,0,1,ITH,ITH1,4,Provincia Autonoma Bolzano / Bozen
2024-09-13,PIE,1,1,0,1,ITC,ITC1,1,Piemonte
2024-01-11,TOS,1359,631,728,1359,ITI,ITI1,9,Toscana
2024-03-20,ABR,2,1,1,2,ITF,ITF1,13,Abruzzo
2023-10-17,LAZ,434,232,202,434,ITI,ITI4,12,Lazio
2023-11-06,SAR,315,150,165,315,ITG,ITG2,20,Sardegna
2023-10-27,CAM,280,149,131,280,ITF,ITF3,15,Campania
2024-02-22,BAS,6,3,3,6,ITF,ITF5,17,Basilicata
2023-11-20,LAZ,1585,806,779,1585,ITI,ITI4,12,Lazio
2023-11-30,PAB,546,263,283,546,ITH,ITH1,4,Provincia Autonoma Bolzano / Bozen
2024-08-29,EMR,7,4,3,7,ITH,ITH5,8,Emilia-Romagna
2023-11-17,UMB,676,339,337,676,ITI,ITI2,10,Umbria
2024-02-23,VEN,52,24,28,52,ITH,ITH3,5,Veneto
2023-11-30,VEN,4164,2055,2109,4164,ITH,ITH3,5,Veneto
2023-11-06,PAB,171,80,91,171,ITH,ITH1,4,Provincia Autonoma Bolzano / Bozen
2024-01-22,VEN,340,163,177,340,ITH,ITH3,5,Veneto
2024-01-08,MAR,144,81,63,144,ITI,ITI3,11,Marche
2024-04-22,LAZ,7,2,5,7,ITI,ITI4,12,Lazio
2024-03-29,LIG,1,0,1,1,ITC,ITC3,7,Liguria
2024-02-21,TOS,63,28,35,63,ITI,ITI1,9,Toscana
2024-01-02,LIG,213,104,109,213,ITC,ITC3,7,Liguria
2023-12-31,LOM,75,25,50,75,ITC,ITC4,3,Lombardia
2024-03-22,VEN,11,6,5,11,ITH,ITH3,5,Veneto
2024-03-01,CAL,5,2,3,5,ITF,ITF6,18,Calabria
2023-10-17,TOS,657,295,362,657,ITI,ITI1,9,Toscana
2024-05-02,VEN,18,5,13,18,ITH,ITH3,5,Veneto
2024-01-13,SIC,106,63,43,106,ITG,ITG1,19,Sicilia
2024-05-27,EMR,4,2,2,4,ITH,ITH5,8,Emilia-Romagna
2023-11-24,PUG,2244,1115,1129,2244,ITF,ITF4,16,Puglia
2023-12-15,PAB,244,106,138,244,ITH,ITH1,4,Provincia Autonoma Bolzano / Bozen
2023-11-03,LOM,9097,4314,4783,9097,ITC,ITC4,3,Lombardia
2023-12-16,LOM,8309,4022,4287,8309,ITC,ITC4,3,Lombardia
2024-07-22,TOS,2,0,2,2,ITI,ITI1,9,Toscana
2023-11-28,PAB,537,273,264,537,ITH,ITH1,4,Provincia Autonoma Bolzano / Bozen
2023-12-02,PAB,1,1,0,1,ITH,ITH1,4,Provincia Autonoma Bolzano / Bozen
2024-01-17,UMB,345,164,181,345,ITI,ITI2,10,Umbria
2023-12-06,FVG,1422,669,753,1422,ITH,ITH4,6,Friuli-Venezia Giulia
2023-12-09,EMR,730,350,380,730,ITH,ITH5,8,Emilia-Romagna
2023-12-06,ABR,434,210,224,434,ITF,ITF1,13,Abruzzo
2024-01-31,BAS,17,10,7,17,ITF,ITF5,17,Basilicata
2024-02-16,MAR,14,5,9,14,ITI,ITI3,11,Marche
2023-12-19,VEN,4427,2150,2277,4427,ITH,ITH3,5,Veneto
2023-11-08,CAL,150,89,61,150,ITF,ITF6,18,Calabria
2023-10-31,UMB,282,136,146,282,ITI,ITI2,10,Umbria
2023-11-21,PAT,551,252,299,551,ITH,ITH2,4,Provincia Autonoma Trento
2024-02-20,PAB,12,6,6,12,ITH,ITH1,4,Provincia Autonoma Bolzano / Bozen
2024-03-02,PIE,3,2,1,3,ITC,ITC1,1,Piemonte
2024-01-12,CAM,588,306,282,588,ITF,ITF3,15,Campania
2023-12-12,LOM,10594,5077,5517,10594,ITC,ITC4,3,Lombardia
2024-01-16,VEN,1108,538,570,1108,ITH,ITH3,5,Veneto
2023-11-17,ABR,423,212,211,423,ITF,ITF1,13,Abruzzo
2024-01-09,LIG,956,440,516,956,ITC,ITC3,7,Liguria
2023-11-21,TOS,5028,2287,2741,5028,ITI,ITI1,9,Toscana
2024-01-14,BAS,28,17,11,28,ITF,ITF5,17,Basilicata
2024-03-15,PIE,37,20,17,37,ITC,ITC1,1,Piemonte
2024-01-27,PIE,244,129,115,244,ITC,ITC1,1,Piemonte
2024-01-15,CAM,290,158,132,290,ITF,ITF3,15,Campania
2023-10-26,PIE,1529,741,788,1529,ITC,ITC1,1,Piemonte
2023-11-30,LOM,10557,5034,5523,10557,ITC,ITC4,3,Lombardia
2023-12-01,LOM,10388,4836,5552,10388,ITC,ITC4,3,Lombardia
2024-01-24,TOS,422,180,242,422,ITI,ITI1,9,Toscana
2024-01-23,FVG,316,145,171,316,ITH,ITH4,6,Friuli-Venezia Giulia
2024-02-20,SAR,80,38,42,80,ITG,ITG2,20,Sardegna
2024-07-05,EMR,1,0,1,1,ITH,ITH5,8,Emilia-Romagna
2024-02-10,LIG,17,6,11,17,ITC,ITC3,7,Liguria
2024-03-12,PAT,1,0,1,1,ITH,ITH2,4,Provincia Autonoma Trento
2024-02-14,LOM,233,84,149,233,ITC,ITC4,3,Lombardia
2023-12-29,PAB,15,4,11,15,ITH,ITH1,4,Provincia Autonoma Bolzano / Bozen
2024-09-02,PUG,2,1,1,2,ITF,ITF4,16,Puglia
2023-10-06,FVG,152,81,71,152,ITH,ITH4,6,Friuli-Venezia Giulia
2024-03-14,LIG,16,8,8,16,ITC,ITC3,7,Liguria
2023-11-02,VEN,1831,814,1017,1831,ITH,ITH3,5,Veneto
2023-10-30,CAM,373,214,159,373,ITF,ITF3,15,Campania
2024-01-06,PUG,52,36,16,52,ITF,ITF4,16,Puglia
2023-10-30,PUG,946,455,491,946,ITF,ITF4,16,Puglia
2024-05-16,SAR,2,2,0,2,ITG,ITG2,20,Sardegna
2024-01-06,CAM,8,5,3,8,ITF,ITF3,15,Campania
2023-11-06,LOM,4364,2059,2305,4364,ITC,ITC4,3,Lombardia
2023-10-20,FVG,572,289,283,572,ITH,ITH4,6,Friuli-Venezia Giulia
2023-10-19,MOL,55,18,37,55,ITF,ITF2,14,Molise
2023-12-07,PAT,401,173,228,401,ITH,ITH2,4,Provincia Autonoma Trento
2023-12-15,LIG,1572,722,850,1572,ITC,ITC3,7,Liguria
2024-01-07,EMR,75,38,37,75,ITH,ITH5,8,Emilia-Romagna
2023-12-19,PAB,252,117,135,252,ITH,ITH1,4,Provincia Autonoma Bolzano / Bozen
2024-02-02,LAZ,237,108,129,237,ITI,ITI4,12,Lazio
2024-03-20,PIE,6,3,3,6,ITC,ITC1,1,Piemonte
2024-07-04,LAZ,4,3,1,4,ITI,ITI4,12,Lazio
2024-02-08,TOS,175,82,93,175,ITI,ITI1,9,Toscana
2023-11-18,TOS,2456,1219,1237,2456,ITI,ITI1,9,Toscana
2023-11-16,CAL,131,72,59,131,ITF,ITF6,18,Calabria
2023-12-02,LIG,414,193,221,414,ITC,ITC3,7,Liguria
2024-07-24,EMR,8,3,5,8,ITH,ITH5,8,Emilia-Romagna
2024-02-29,TOS,67,34,33,67,ITI,ITI1,9,Toscana
2023-11-11,TOS,2476,1132,1344,2476,ITI,ITI1,9,Toscana
2023-09-29,CAM,11,6,5,11,ITF,ITF3,15,Campania
2024-04-03,LOM,16,10,6,16,ITC,ITC4,3,Lombardia
2023-11-14,UMB,655,319,336,655,ITI,ITI2,10,Umbria
2024-03-26,PAT,12,6,6,12,ITH,ITH2,4,Provincia Autonoma Trento
2023-10-24,EMR,3636,1729,1907,3636,ITH,ITH5,8,Emilia-Romagna
2023-11-10,EMR,7760,3780,3980,7760,ITH,ITH5,8,Emilia-Romagna
2023-12-23,UMB,132,64,68,132,ITI,ITI2,10,Umbria
2024-01-11,PAT,55,29,26,55,ITH,ITH2,4,Provincia Autonoma Trento
2024-02-16,SIC,41,16,25,41,ITG,ITG1,19,Sicilia
2024-02-05,LIG,74,33,41,74,ITC,ITC3,7,Liguria
2024-03-29,SAR,3,2,1,3,ITG,ITG2,20,Sardegna
2023-11-28,LOM,10811,4991,5820,10811,ITC,ITC4,3,Lombardia
2023-12-16,CAL,200,97,103,200,ITF,ITF6,18,Calabria
2024-05-29,LIG,4,1,3,4,ITC,ITC3,7,Liguria
2024-04-10,VEN,3,2,1,3,ITH,ITH3,5,Veneto
2023-10-23,PAT,145,75,70,145,ITH,ITH2,4,Provincia Autonoma Trento
2023-11-10,MAR,1015,517,498,1015,ITI,ITI3,11,Marche
2024-01-31,PUG,187,92,95,187,ITF,ITF4,16,Puglia
2024-02-19,PIE,107,49,58,107,ITC,ITC1,1,Piemonte
2024-01-15,VEN,573,281,292,573,ITH,ITH3,5,Veneto
2024-03-05,ABR,5,4,1,5,ITF,ITF1,13,Abruzzo
2023-10-12,ABR,30,15,15,30,ITF,ITF1,13,Abruzzo
2024-04-09,UMB,1,0,1,1,ITI,ITI2,10,Umbria
2024-03-12,EMR,14,8,6,14,ITH,ITH5,8,Emilia-Romagna
2023-10-30,SAR,172,96,76,172,ITG,ITG2,20,Sardegna
2023-12-29,CAL,249,128,121,249,ITF,ITF6,18,Calabria
2024-01-27,MAR,34,13,21,34,ITI,ITI3,11,Marche
2023-11-06,MAR,411,206,205,411,ITI,ITI3,11,Marche
2023-11-25,PIE,1396,717,679,1396,ITC,ITC1,1,Piemonte
2024-01-22,MOL,9,4,5,9,ITF,ITF2,14,Molise
2023-11-18,PAT,44,21,23,44,ITH,ITH2,4,Provincia Autonoma Trento
2024-02-02,UMB,28,16,12,28,ITI,ITI2,10,Umbria
2024-04-16,LIG,6,1,5,6,ITC,ITC3,7,Liguria
2024-05-21,PIE,2,1,1,2,ITC,ITC1,1,Piemonte
2024-04-11,LAZ,7,5,2,7,ITI,ITI4,12,Lazio
2023-10-15,MAR,1,1,0,1,ITI,ITI3,11,Marche
2024-06-10,PUG,2,1,1,2,ITF,ITF4,16,Puglia
2024-09-02,FVG,1,1,0,1,ITH,ITH4,6,Friuli-Venezia Giulia
2024-06-26,LAZ,6,4,2,6,ITI,ITI4,12,Lazio
2024-02-27,BAS,5,4,1,5,ITF,ITF5,17,Basilicata
2023-10-13,MOL,9,7,2,9,ITF,ITF2,14,Molise
2024-08-08,EMR,3,1,2,3,ITH,ITH5,8,Emilia-Romagna
2024-04-26,LIG,1,0,1,1,ITC,ITC3,7,Liguria
2024-04-16,CAM,1,0,1,1,ITF,ITF3,15,Campania
2024-07-19,TOS,2,1,1,2,ITI,ITI1,9,Toscana
2024-09-09,PIE,4,3,1,4,ITC,ITC1,1,Piemonte
2024-03-14,PIE,28,15,13,28,ITC,ITC1,1,Piemonte
2024-03-05,MAR,5,2,3,5,ITI,ITI3,11,Marche
2024-02-28,BAS,1,1,0,1,ITF,ITF5,17,Basilicata
2024-06-04,PIE,2,1,1,2,ITC,ITC1,1,Piemonte
2024-03-21,MAR,4,3,1,4,ITI,ITI3,11,Marche
2024-05-29,EMR,2,1,1,2,ITH,ITH5,8,Emilia-Romagna
2024-03-23,UMB,1,1,0,1,ITI,ITI2,10,Umbria
2023-12-08,CAL,6,2,4,6,ITF,ITF6,18,Calabria
2024-07-03,LIG,3,1,2,3,ITC,ITC3,7,Liguria
2024-07-30,LIG,3,1,2,3,ITC,ITC3,7,Liguria
2024-06-27,PIE,1,1,0,1,ITC,ITC1,1,Piemonte
2024-02-23,PAT,1,0,1,1,ITH,ITH2,4,Provincia Autonoma Trento
2024-06-03,FVG,1,0,1,1,ITH,ITH4,6,Friuli-Venezia Giulia
2024-04-30,CAL,1,1,0,1,ITF,ITF6,18,Calabria
2024-07-09,TOS,1,0,1,1,ITI,ITI1,9,Toscana
2024-06-06,PAT,1,0,1,1,ITH,ITH2,4,Provincia Autonoma Trento
2023-11-03,VDA,196,91,105,196,ITC,ITC2,2,Valle d'Aosta / Vallée d'Aoste
2023-12-16,LAZ,3145,1550,1595,3145,ITI,ITI4,12,Lazio
2023-10-18,CAM,341,195,146,341,ITF,ITF3,15,Campania
2023-10-23,MAR,387,192,195,387,ITI,ITI3,11,Marche
2024-03-13,SAR,8,4,4,8,ITG,ITG2,20,Sardegna
2024-09-16,PIE,2,0,2,2,ITC,ITC1,1,Piemonte
2024-07-19,EMR,22,8,14,22,ITH,ITH5,8,Emilia-Romagna
2023-12-18,LIG,1229,565,664,1229,ITC,ITC3,7,Liguria
2024-01-03,ABR,228,114,114,228,ITF,ITF1,13,Abruzzo
2023-10-13,EMR,88,36,52,88,ITH,ITH5,8,Emilia-Romagna
2024-02-07,ABR,12,3,9,12,ITF,ITF1,13,Abruzzo
2023-11-22,SIC,248,135,113,248,ITG,ITG1,19,Sicilia
2024-01-17,PAT,81,37,44,81,ITH,ITH2,4,Provincia Autonoma Trento
2024-01-03,BAS,193,111,82,193,ITF,ITF5,17,Basilicata
2023-10-14,MAR,49,21,28,49,ITI,ITI3,11,Marche
2023-11-21,SIC,285,150,135,285,ITG,ITG1,19,Sicilia
2023-10-02,TOS,286,162,124,286,ITI,ITI1,9,Toscana
2024-03-21,SIC,6,5,1,6,ITG,ITG1,19,Sicilia
2023-10-20,SIC,33,20,13,33,ITG,ITG1,19,Sicilia
2024-01-24,UMB,94,48,46,94,ITI,ITI2,10,Umbria
2024-02-05,BAS,17,6,11,17,ITF,ITF5,17,Basilicata
2024-02-08,SIC,97,48,49,97,ITG,ITG1,19,Sicilia
2024-03-06,PIE,23,9,14,23,ITC,ITC1,1,Piemonte
2024-03-09,LOM,47,20,27,47,ITC,ITC4,3,Lombardia
2023-11-30,VDA,86,41,45,86,ITC,ITC2,2,Valle d'Aosta / Vallée d'Aoste
2023-12-28,VEN,2401,1217,1184,2401,ITH,ITH3,5,Veneto
2024-07-25,VEN,15,8,7,15,ITH,ITH3,5,Veneto
2023-12-07,LIG,1751,860,891,1751,ITC,ITC3,7,Liguria
2024-01-10,ABR,180,90,90,180,ITF,ITF1,13,Abruzzo
2024-01-27,SIC,49,22,27,49,ITG,ITG1,19,Sicilia
2024-01-05,BAS,147,79,68,147,ITF,ITF5,17,Basilicata
2023-11-25,VEN,2247,1093,1154,2247,ITH,ITH3,5,Veneto
2023-11-27,FVG,855,390,465,855,ITH,ITH4,6,Friuli-Venezia Giulia
2024-02-13,VEN,35,11,24,35,ITH,ITH3,5,Veneto
2024-01-22,PUG,127,59,68,127,ITF,ITF4,16,Puglia
2023-10-30,SIC,30,19,11,30,ITG,ITG1,19,Sicilia
2023-12-22,MOL,90,50,40,90,ITF,ITF2,14,Molise
2024-01-21,PIE,5,1,4,5,ITC,ITC1,1,Piemonte
2023-12-19,PAT,739,341,398,739,ITH,ITH2,4,Provincia Autonoma Trento
2023-10-21,MAR,211,103,108,211,ITI,ITI3,11,Marche
2023-12-30,LAZ,1245,654,591,1245,ITI,ITI4,12,Lazio
2023-11-20,LIG,608,300,308,608,ITC,ITC3,7,Liguria
2024-01-10,BAS,205,106,99,205,ITF,ITF5,17,Basilicata
2024-05-17,EMR,19,7,12,19,ITH,ITH5,8,Emilia-Romagna
2024-01-02,SAR,303,150,153,303,ITG,ITG2,20,Sardegna
2024-02-10,EMR,11,7,4,11,ITH,ITH5,8,Emilia-Romagna
2024-01-17,PUG,556,272,284,556,ITF,ITF4,16,Puglia
2024-02-19,FVG,75,33,42,75,ITH,ITH4,6,Friuli-Venezia Giulia
2024-04-03,LAZ,4,2,2,4,ITI,ITI4,12,Lazio
2024-01-04,EMR,1171,553,618,1171,ITH,ITH5,8,Emilia-Romagna
2023-12-04,PAT,552,259,293,552,ITH,ITH2,4,Provincia Autonoma Trento
2023-12-16,LIG,871,435,436,871,ITC,ITC3,7,Liguria
2023-12-04,TOS,3180,1529,1651,3180,ITI,ITI1,9,Toscana
2023-12-15,ABR,792,411,381,792,ITF,ITF1,13,Abruzzo
2024-04-20,TOS,6,4,2,6,ITI,ITI1,9,Toscana
2023-10-10,PUG,82,33,49,82,ITF,ITF4,16,Puglia
2023-11-27,LOM,442,154,288,442,ITC,ITC4,3,Lombardia
2023-12-02,PAT,2,0,2,2,ITH,ITH2,4,Provincia Autonoma Trento
2023-12-02,ABR,135,67,68,135,ITF,ITF1,13,Abruzzo
2023-10-25,SAR,213,105,108,213,ITG,ITG2,20,Sardegna
2024-02-21,EMR,100,41,59,100,ITH,ITH5,8,Emilia-Romagna
2024-02-03,VEN,12,6,6,12,ITH,ITH3,5,Veneto
2023-11-07,MOL,73,41,32,73,ITF,ITF2,14,Molise
2024-02-14,MAR,8,3,5,8,ITI,ITI3,11,Marche
2023-12-11,LAZ,3468,1661,1807,3468,ITI,ITI4,12,Lazio
2023-11-29,PIE,2803,1332,1471,2803,ITC,ITC1,1,Piemonte
2023-12-13,SIC,717,375,342,717,ITG,ITG1,19,Sicilia
2023-12-30,FVG,40,21,19,40,ITH,ITH4,6,Friuli-Venezia Giulia
2024-01-30,LOM,622,250,372,622,ITC,ITC4,3,Lombardia
2024-01-25,EMR,502,223,279,502,ITH,ITH5,8,Emilia-Romagna
2023-11-27,CAL,216,122,94,216,ITF,ITF6,18,Calabria
2023-12-17,PIE,415,227,188,415,ITC,ITC1,1,Piemonte
2024-03-25,LIG,6,3,3,6,ITC,ITC3,7,Liguria
2024-05-14,SAR,1,1,0,1,ITG,ITG2,20,Sardegna
2023-12-21,LIG,1834,929,905,1834,ITC,ITC3,7,Liguria
2023-11-16,VDA,121,59,62,121,ITC,ITC2,2,Valle d'Aosta / Vallée d'Aoste
2024-01-08,CAM,404,229,175,404,ITF,ITF3,15,Campania
2024-03-08,VEN,32,5,27,32,ITH,ITH3,5,Veneto
2024-01-22,TOS,289,129,160,289,ITI,ITI1,9,Toscana
2023-11-09,LIG,1061,530,531,1061,ITC,ITC3,7,Liguria
2024-01-26,VEN,433,205,228,433,ITH,ITH3,5,Veneto
2023-12-15,PUG,3766,1855,1911,3766,ITF,ITF4,16,Puglia
2023-12-24,SIC,6,4,2,6,ITG,ITG1,19,Sicilia
2024-04-18,EMR,2,1,1,2,ITH,ITH5,8,Emilia-Romagna
2023-10-17,PAB,498,252,246,498,ITH,ITH1,4,Provincia Autonoma Bolzano / Bozen
2023-11-28,PUG,1923,985,938,1923,ITF,ITF4,16,Puglia
2023-10-03,FVG,6,2,4,6,ITH,ITH4,6,Friuli-Venezia Giulia
2024-04-29,VEN,3,0,3,3,ITH,ITH3,5,Veneto
2024-07-04,EMR,8,5,3,8,ITH,ITH5,8,Emilia-Romagna
2024-04-06,LAZ,1,0,1,1,ITI,ITI4,12,Lazio
2024-02-02,EMR,144,67,77,144,ITH,ITH5,8,Emilia-Romagna
2023-10-16,LOM,4581,2410,2171,4581,ITC,ITC4,3,Lombardia
2023-10-22,EMR,106,50,56,106,ITH,ITH5,8,Emilia-Romagna
2023-11-06,PUG,1263,659,604,1263,ITF,ITF4,16,Puglia
2024-01-13,CAL,159,94,65,159,ITF,ITF6,18,Calabria
2024-03-22,TOS,6,3,3,6,ITI,ITI1,9,Toscana
2023-10-21,TOS,864,437,427,864,ITI,ITI1,9,Toscana
2023-11-23,VDA,89,51,38,89,ITC,ITC2,2,Valle d'Aosta / Vallée d'Aoste
2024-03-02,SIC,4,1,3,4,ITG,ITG1,19,Sicilia
2023-10-24,PUG,1100,585,515,1100,ITF,ITF4,16,Puglia
2023-12-05,BAS,276,142,134,276,ITF,ITF5,17,Basilicata
2024-02-02,SAR,208,104,104,208,ITG,ITG2,20,Sardegna
2024-01-24,MOL,11,5,6,11,ITF,ITF2,14,Molise
2024-03-29,PIE,25,12,13,25,ITC,ITC1,1,Piemonte
2023-12-03,CAM,20,12,8,20,ITF,ITF3,15,Campania
2024-07-26,PUG,4,3,1,4,ITF,ITF4,16,Puglia
2024-01-05,UMB,152,75,77,152,ITI,ITI2,10,Umbria
2024-01-06,SIC,15,7,8,15,ITG,ITG1,19,Sicilia
2024-02-10,PIE,57,29,28,57,ITC,ITC1,1,Piemonte
2024-04-30,PUG,12,3,9,12,ITF,ITF4,16,Puglia
2024-05-28,EMR,4,2,2,4,ITH,ITH5,8,Emilia-Romagna
2024-03-19,TOS,6,4,2,6,ITI,ITI1,9,Toscana
2024-01-01,SIC,3,2,1,3,ITG,ITG1,19,Sicilia
2024-04-22,VEN,12,3,9,12,ITH,ITH3,5,Veneto
2024-02-16,UMB,15,8,7,15,ITI,ITI2,10,Umbria
2023-10-22,ABR,5,3,2,5,ITF,ITF1,13,Abruzzo
2024-08-06,TOS,1,1,0,1,ITI,ITI1,9,Toscana
2024-04-18,SAR,5,4,1,5,ITG,ITG2,20,Sardegna
2024-03-05,PAB,6,2,4,6,ITH,ITH1,4,Provincia Autonoma Bolzano / Bozen
2024-07-23,LAZ,8,4,4,8,ITI,ITI4,12,Lazio
2024-01-21,ABR,2,1,1,2,ITF,ITF1,13,Abruzzo
2024-09-06,PIE,2,0,2,2,ITC,ITC1,1,Piemonte
2024-07-09,LAZ,3,0,3,3,ITI,ITI4,12,Lazio
2024-03-01,MAR,1,0,1,1,ITI,ITI3,11,Marche
2024-05-20,LIG,3,2,1,3,ITC,ITC3,7,Liguria
2024-02-11,UMB,2,0,2,2,ITI,ITI2,10,Umbria
2024-08-05,ABR,1,1,0,1,ITF,ITF1,13,Abruzzo
2024-02-08,MOL,1,0,1,1,ITF,ITF2,14,Molise
2024-06-17,SIC,1,0,1,1,ITG,ITG1,19,Sicilia
2024-04-30,FVG,1,1,0,1,ITH,ITH4,6,Friuli-Venezia Giulia
2024-06-25,PIE,6,2,4,6,ITC,ITC1,1,Piemonte
2024-08-21,CAM,2,1,1,2,ITF,ITF3,15,Campania
2024-07-26,SAR,1,0,1,1,ITG,ITG2,20,Sardegna
2024-08-21,PIE,2,1,1,2,ITC,ITC1,1,Piemonte
2024-04-17,SIC,1,0,1,1,ITG,ITG1,19,Sicilia
2024-02-09,MOL,1,1,0,1,ITF,ITF2,14,Molise
2023-11-04,TOS,1964,944,1020,1964,ITI,ITI1,9,Toscana
2023-11-24,EMR,5552,2681,2871,5552,ITH,ITH5,8,Emilia-Romagna
2024-02-15,SIC,54,34,20,54,ITG,ITG1,19,Sicilia
2023-12-16,CAM,663,361,302,663,ITF,ITF3,15,Campania
2024-01-14,UMB,47,25,22,47,ITI,ITI2,10,Umbria
2024-01-29,CAL,51,29,22,51,ITF,ITF6,18,Calabria
2024-01-14,PIE,20,7,13,20,ITC,ITC1,1,Piemonte
2024-01-25,PAT,48,27,21,48,ITH,ITH2,4,Provincia Autonoma Trento
2023-11-08,UMB,668,332,336,668,ITI,ITI2,10,Umbria
2023-11-03,CAM,351,199,152,351,ITF,ITF3,15,Campania
2024-02-14,CAM,30,19,11,30,ITF,ITF3,15,Campania
2023-12-21,LOM,9178,4531,4647,9178,ITC,ITC4,3,Lombardia
2023-12-17,LIG,16,5,11,16,ITC,ITC3,7,Liguria
2023-12-06,LOM,11024,5222,5802,11024,ITC,ITC4,3,Lombardia
2023-12-08,PUG,18,10,8,18,ITF,ITF4,16,Puglia
2023-12-10,EMR,190,84,106,190,ITH,ITH5,8,Emilia-Romagna
2023-11-10,MOL,61,32,29,61,ITF,ITF2,14,Molise
2023-10-16,MAR,142,81,61,142,ITI,ITI3,11,Marche
2023-10-31,EMR,4596,2135,2461,4596,ITH,ITH5,8,Emilia-Romagna
2023-12-09,BAS,50,29,21,50,ITF,ITF5,17,Basilicata
2023-10-10,PAB,438,248,190,438,ITH,ITH1,4,Provincia Autonoma Bolzano / Bozen
2023-11-11,PAT,21,11,10,21,ITH,ITH2,4,Provincia Autonoma Trento
2023-12-02,SIC,127,71,56,127,ITG,ITG1,19,Sicilia
2023-11-27,MAR,31,13,18,31,ITI,ITI3,11,Marche
2024-01-09,MAR,287,144,143,287,ITI,ITI3,11,Marche
2024-04-19,PIE,15,5,10,15,ITC,ITC1,1,Piemonte
2024-03-14,VEN,15,4,11,15,ITH,ITH3,5,Veneto
2023-12-09,MOL,10,3,7,10,ITF,ITF2,14,Molise
2024-05-20,CAL,3,2,1,3,ITF,ITF6,18,Calabria
2024-03-01,LOM,89,25,64,89,ITC,ITC4,3,Lombardia
2023-12-28,PAT,64,29,35,64,ITH,ITH2,4,Provincia Autonoma Trento
2023-12-19,SIC,1083,584,499,1083,ITG,ITG1,19,Sicilia
2024-05-07,CAL,1,1,0,1,ITF,ITF6,18,Calabria
2023-11-15,ABR,237,123,114,237,ITF,ITF1,13,Abruzzo
2023-12-27,PUG,1037,539,498,1037,ITF,ITF4,16,Puglia
2024-01-23,ABR,109,58,51,109,ITF,ITF1,13,Abruzzo
2024-03-13,PUG,17,6,11,17,ITF,ITF4,16,Puglia
2024-04-26,LOM,43,18,25,43,ITC,ITC4,3,Lombardia
2024-03-05,FVG,51,24,27,51,ITH,ITH4,6,Friuli-Venezia Giulia
2024-04-11,LOM,15,6,9,15,ITC,ITC4,3,Lombardia
2023-10-20,ABR,112,64,48,112,ITF,ITF1,13,Abruzzo
2024-04-18,LAZ,10,7,3,10,ITI,ITI4,12,Lazio
2024-04-13,SIC,2,1,1,2,ITG,ITG1,19,Sicilia
2024-03-14,SIC,10,2,8,10,ITG,ITG1,19,Sicilia
2023-12-19,EMR,4752,2314,2438,4752,ITH,ITH5,8,Emilia-Romagna
2024-03-06,LIG,27,14,13,27,ITC,ITC3,7,Liguria
2023-10-05,LIG,61,18,43,61,ITC,ITC3,7,Liguria
2023-11-29,LAZ,4041,1949,2092,4041,ITI,ITI4,12,Lazio
2024-02-01,VEN,154,60,94,154,ITH,ITH3,5,Veneto
2023-10-11,EMR,54,17,37,54,ITH,ITH5,8,Emilia-Romagna
2024-07-02,PIE,5,1,4,5,ITC,ITC1,1,Piemonte
2024-03-02,BAS,1,1,0,1,ITF,ITF5,17,Basilicata
2024-05-09,VEN,5,0,5,5,ITH,ITH3,5,Veneto
2024-09-05,ABR,1,0,1,1,ITF,ITF1,13,Abruzzo
2024-02-04,LOM,17,5,12,17,ITC,ITC4,3,Lombardia
2024-08-09,PUG,3,1,2,3,ITF,ITF4,16,Puglia
2024-01-31,MOL,2,0,2,2,ITF,ITF2,14,Molise
2024-03-04,MAR,1,1,0,1,ITI,ITI3,11,Marche
2024-07-02,SAR,1,1,0,1,ITG,ITG2,20,Sardegna
2024-03-15,FVG,7,3,4,7,ITH,ITH4,6,Friuli-Venezia Giulia
2024-08-01,PIE,4,1,3,4,ITC,ITC1,1,Piemonte
2024-09-13,SIC,1,1,0,1,ITG,ITG1,19,Sicilia
2024-02-22,PAT,3,1,2,3,ITH,ITH2,4,Provincia Autonoma Trento
2024-03-19,UMB,5,5,0,5,ITI,ITI2,10,Umbria
2024-06-27,CAL,1,0,1,1,ITF,ITF6,18,Calabria
2023-10-14,VEN,1,1,0,1,ITH,ITH3,5,Veneto
2024-07-17,SIC,2,1,1,2,ITG,ITG1,19,Sicilia
2024-08-13,LIG,2,1,1,2,ITC,ITC3,7,Liguria
2024-07-23,VDA,1,1,0,1,ITC,ITC2,2,Valle d'Aosta / Vallée d'Aoste
2023-10-02,EMR,1,0,1,1,ITH,ITH5,8,Emilia-Romagna
2024-03-14,PAB,1,1,0,1,ITH,ITH1,4,Provincia Autonoma Bolzano / Bozen
2024-01-22,EMR,408,204,204,408,ITH,ITH5,8,Emilia-Romagna
2023-12-30,LOM,1666,818,848,1666,ITC,ITC4,3,Lombardia
2024-02-24,VEN,17,8,9,17,ITH,ITH3,5,Veneto
2024-05-17,LAZ,4,3,1,4,ITI,ITI4,12,Lazio
2024-01-11,PUG,945,478,467,945,ITF,ITF4,16,Puglia
2024-01-30,SIC,116,57,59,116,ITG,ITG1,19,Sicilia
2023-11-05,FVG,11,7,4,11,ITH,ITH4,6,Friuli-Venezia Giulia
2023-11-06,UMB,333,157,176,333,ITI,ITI2,10,Umbria
2024-02-16,LIG,31,12,19,31,ITC,ITC3,7,Liguria
2023-11-03,FVG,713,352,361,713,ITH,ITH4,6,Friuli-Venezia Giulia
2024-07-31,LAZ,18,10,8,18,ITI,ITI4,12,Lazio
2024-04-05,VEN,5,3,2,5,ITH,ITH3,5,Veneto
2023-12-29,UMB,367,169,198,367,ITI,ITI2,10,Umbria
2023-12-16,FVG,329,156,173,329,ITH,ITH4,6,Friuli-Venezia Giulia
2023-10-28,CAL,12,7,5,12,ITF,ITF6,18,Calabria
2023-12-26,TOS,7,3,4,7,ITI,ITI1,9,Toscana
2023-12-02,UMB,173,83,90,173,ITI,ITI2,10,Umbria
2024-02-23,EMR,64,31,33,64,ITH,ITH5,8,Emilia-Romagna
2024-03-11,EMR,14,8,6,14,ITH,ITH5,8,Emilia-Romagna
2024-03-26,PUG,9,4,5,9,ITF,ITF4,16,Puglia
2023-10-21,LOM,3496,1754,1742,3496,ITC,ITC4,3,Lombardia
2024-03-19,SAR,12,4,8,12,ITG,ITG2,20,Sardegna
2023-10-26,CAL,21,8,13,21,ITF,ITF6,18,Calabria
2024-01-23,CAL,61,37,24,61,ITF,ITF6,18,Calabria
2023-10-12,PUG,86,62,24,86,ITF,ITF4,16,Puglia
2023-11-13,VDA,63,31,32,63,ITC,ITC2,2,Valle d'Aosta / Vallée d'Aoste
2024-02-03,MAR,2,1,1,2,ITI,ITI3,11,Marche
2024-02-29,PUG,27,15,12,27,ITF,ITF4,16,Puglia
2023-12-18,VDA,13,5,8,13,ITC,ITC2,2,Valle d'Aosta / Vallée d'Aoste
2023-12-04,VEN,2817,1373,1444,2817,ITH,ITH3,5,Veneto
2024-01-26,MAR,103,49,54,103,ITI,ITI3,11,Marche
2023-12-07,PUG,1762,929,833,1762,ITF,ITF4,16,Puglia
2024-01-05,TOS,1151,578,573,1151,ITI,ITI1,9,Toscana
2023-11-02,PAB,347,159,188,347,ITH,ITH1,4,Provincia Autonoma Bolzano / Bozen
2023-12-18,MAR,674,352,322,674,ITI,ITI3,11,Marche
2024-01-13,LIG,217,105,112,217,ITC,ITC3,7,Liguria
2023-12-30,CAM,223,130,93,223,ITF,ITF3,15,Campania
2024-01-27,BAS,10,3,7,10,ITF,ITF5,17,Basilicata
2024-02-01,EMR,177,89,88,177,ITH,ITH5,8,Emilia-Romagna
2023-10-28,FVG,779,403,376,779,ITH,ITH4,6,Friuli-Venezia Giulia
2023-10-25,VDA,306,139,167,306,ITC,ITC2,2,Valle d'Aosta / Vallée d'Aoste
2024-04-12,PIE,23,11,12,23,ITC,ITC1,1,Piemonte
2023-10-31,PAB,564,266,298,564,ITH,ITH1,4,Provincia Autonoma Bolzano / Bozen
2024-02-07,MOL,11,2,9,11,ITF,ITF2,14,Molise
2023-11-10,VEN,2889,1400,1489,2889,ITH,ITH3,5,Veneto
2023-10-23,PUG,859,425,434,859,ITF,ITF4,16,Puglia
2023-11-07,MAR,752,362,390,752,ITI,ITI3,11,Marche
2024-02-15,VEN,82,34,48,82,ITH,ITH3,5,Veneto
2024-08-28,PIE,3,2,1,3,ITC,ITC1,1,Piemonte
2024-02-15,LOM,213,73,140,213,ITC,ITC4,3,Lombardia
2023-12-20,LAZ,6013,2936,3077,6013,ITI,ITI4,12,Lazio
2023-10-24,VEN,741,285,456,741,ITH,ITH3,5,Veneto
2023-11-07,VDA,100,45,55,100,ITC,ITC2,2,Valle d'Aosta / Vallée d'Aoste
2023-10-14,CAM,41,15,26,41,ITF,ITF3,15,Campania
2023-11-16,FVG,1195,578,617,1195,ITH,ITH4,6,Friuli-Venezia Giulia
2023-11-28,UMB,751,374,377,751,ITI,ITI2,10,Umbria
2023-11-25,VDA,102,49,53,102,ITC,ITC2,2,Valle d'Aosta / Vallée d'Aoste
2023-10-04,TOS,274,153,121,274,ITI,ITI1,9,Toscana
2024-03-07,TOS,34,14,20,34,ITI,ITI1,9,Toscana
2023-12-14,PIE,3702,1805,1897,3702,ITC,ITC1,1,Piemonte
2023-11-02,EMR,4157,1983,2174,4157,ITH,ITH5,8,Emilia-Romagna
2023-12-10,CAM,26,10,16,26,ITF,ITF3,15,Campania
2023-12-05,MOL,69,39,30,69,ITF,ITF2,14,Molise
2024-04-08,LOM,19,11,8,19,ITC,ITC4,3,Lombardia
2023-10-30,PAT,341,176,165,341,ITH,ITH2,4,Provincia Autonoma Trento
2023-12-04,EMR,3757,1842,1915,3757,ITH,ITH5,8,Emilia-Romagna
2023-11-24,PAT,193,90,103,193,ITH,ITH2,4,Provincia Autonoma Trento
2023-10-19,PIE,576,282,294,576,ITC,ITC1,1,Piemonte
2024-05-06,LAZ,1,1,0,1,ITI,ITI4,12,Lazio
2024-02-18,VEN,2,1,1,2,ITH,ITH3,5,Veneto
2024-01-19,LOM,1632,728,904,1632,ITC,ITC4,3,Lombardia
2023-10-04,PAT,11,7,4,11,ITH,ITH2,4,Provincia Autonoma Trento
2024-03-08,LIG,35,12,23,35,ITC,ITC3,7,Liguria
2024-02-22,PUG,34,16,18,34,ITF,ITF4,16,Puglia
2023-12-14,CAL,617,353,264,617,ITF,ITF6,18,Calabria
2023-11-27,PAB,36,21,15,36,ITH,ITH1,4,Provincia Autonoma Bolzano / Bozen
2024-03-12,PUG,33,13,20,33,ITF,ITF4,16,Puglia
2023-11-21,PUG,1870,899,971,1870,ITF,ITF4,16,Puglia
2023-10-16,SIC,8,5,3,8,ITG,ITG1,19,Sicilia
2023-11-08,SAR,292,155,137,292,ITG,ITG2,20,Sardegna
2023-12-09,VEN,689,323,366,689,ITH,ITH3,5,Veneto
2023-11-24,VEN,3824,1930,1894,3824,ITH,ITH3,5,Veneto
2024-01-16,EMR,1141,536,605,1141,ITH,ITH5,8,Emilia-Romagna
2023-10-23,CAM,306,167,139,306,ITF,ITF3,15,Campania
2024-01-28,CAM,7,1,6,7,ITF,ITF3,15,Campania
2024-01-18,MOL,8,1,7,8,ITF,ITF2,14,Molise
2023-11-29,UMB,790,403,387,790,ITI,ITI2,10,Umbria
2024-02-27,CAL,6,3,3,6,ITF,ITF6,18,Calabria
2023-11-17,TOS,6695,3169,3526,6695,ITI,ITI1,9,Toscana
2024-01-08,BAS,73,38,35,73,ITF,ITF5,17,Basilicata
2024-03-15,LAZ,23,12,11,23,ITI,ITI4,12,Lazio
2024-06-11,EMR,1,1,0,1,ITH,ITH5,8,Emilia-Romagna
2024-02-29,LIG,21,13,8,21,ITC,ITC3,7,Liguria
2024-02-28,LIG,25,9,16,25,ITC,ITC3,7,Liguria
2024-07-25,PIE,9,4,5,9,ITC,ITC1,1,Piemonte
2024-04-29,EMR,8,3,5,8,ITH,ITH5,8,Emilia-Romagna
2024-01-02,VEN,276,134,142,276,ITH,ITH3,5,Veneto
2024-03-22,PAT,6,2,4,6,ITH,ITH2,4,Provincia Autonoma Trento
2023-11-14,CAM,469,283,186,469,ITF,ITF3,15,Campania
2024-01-22,CAL,65,37,28,65,ITF,ITF6,18,Calabria
2024-01-17,TOS,583,258,325,583,ITI,ITI1,9,Toscana
2023-10-28,LAZ,715,348,367,715,ITI,ITI4,12,Lazio
2023-12-19,PUG,3273,1689,1584,3273,ITF,ITF4,16,Puglia
2023-12-11,SIC,487,273,214,487,ITG,ITG1,19,Sicilia
2023-12-02,PUG,341,185,156,341,ITF,ITF4,16,Puglia
2024-04-29,LOM,19,9,10,19,ITC,ITC4,3,Lombardia
2024-01-02,ABR,142,67,75,142,ITF,ITF1,13,Abruzzo
2024-01-09,CAM,693,386,307,693,ITF,ITF3,15,Campania
2023-10-28,VDA,86,42,44,86,ITC,ITC2,2,Valle d'Aosta / Vallée d'Aoste
2024-01-26,PAB,19,8,11,19,ITH,ITH1,4,Provincia Autonoma Bolzano / Bozen
2024-01-22,PAT,72,24,48,72,ITH,ITH2,4,Provincia Autonoma Trento
2023-11-14,PIE,2895,1342,1553,2895,ITC,ITC1,1,Piemonte
2023-11-02,PUG,1261,644,617,1261,ITF,ITF4,16,Puglia
2023-12-31,LAZ,426,196,230,426,ITI,ITI4,12,Lazio
2023-11-29,PAB,543,250,293,543,ITH,ITH1,4,Provincia Autonoma Bolzano / Bozen
2023-10-25,VEN,1000,360,640,1000,ITH,ITH3,5,Veneto
2024-07-30,EMR,10,4,6,10,ITH,ITH5,8,Emilia-Romagna
2023-10-26,MAR,190,85,105,190,ITI,ITI3,11,Marche
2023-12-04,PUG,1830,985,845,1830,ITF,ITF4,16,Puglia
2023-12-05,CAM,916,481,435,916,ITF,ITF3,15,Campania
2023-10-10,TOS,316,152,164,316,ITI,ITI1,9,Toscana
2024-03-30,LOM,4,2,2,4,ITC,ITC4,3,Lombardia
2024-01-16,VDA,11,5,6,11,ITC,ITC2,2,Valle d'Aosta / Vallée d'Aoste
2023-10-13,SAR,111,56,55,111,ITG,ITG2,20,Sardegna
2023-12-03,ABR,6,3,3,6,ITF,ITF1,13,Abruzzo
2024-08-05,PIE,4,2,2,4,ITC,ITC1,1,Piemonte
2024-07-16,ABR,2,1,1,2,ITF,ITF1,13,Abruzzo
2023-11-11,MOL,38,5,33,38,ITF,ITF2,14,Molise
2024-04-05,TOS,4,3,1,4,ITI,ITI1,9,Toscana
2023-10-07,LOM,4,2,2,4,ITC,ITC4,3,Lombardia
2024-08-20,PUG,4,3,1,4,ITF,ITF4,16,Puglia
2023-10-05,EMR,1,0,1,1,ITH,ITH5,8,Emilia-Romagna
2024-05-08,LIG,6,4,2,6,ITC,ITC3,7,Liguria
2024-01-21,CAM,20,9,11,20,ITF,ITF3,15,Campania
2024-02-29,MAR,3,1,2,3,ITI,ITI3,11,Marche
2024-05-29,ABR,3,2,1,3,ITF,ITF1,13,Abruzzo
2024-03-01,LIG,9,6,3,9,ITC,ITC3,7,Liguria
2024-03-04,UMB,9,4,5,9,ITI,ITI2,10,Umbria
2024-08-09,LIG,4,2,2,4,ITC,ITC3,7,Liguria
2024-06-24,PAT,2,2,0,2,ITH,ITH2,4,Provincia Autonoma Trento
2024-03-06,ABR,1,1,0,1,ITF,ITF1,13,Abruzzo
2024-08-08,LAZ,7,4,3,7,ITI,ITI4,12,Lazio
2024-05-13,LIG,3,2,1,3,ITC,ITC3,7,Liguria
2024-05-22,PUG,3,2,1,3,ITF,ITF4,16,Puglia
2024-03-14,FVG,3,1,2,3,ITH,ITH4,6,Friuli-Venezia Giulia
2024-04-19,LAZ,5,2,3,5,ITI,ITI4,12,Lazio
2024-02-27,CAM,10,3,7,10,ITF,ITF3,15,Campania
2024-02-10,UMB,6,2,4,6,ITI,ITI2,10,Umbria
2024-07-25,SAR,2,1,1,2,ITG,ITG2,20,Sardegna
2024-08-29,TOS,1,0,1,1,ITI,ITI1,9,Toscana
2024-04-05,LAZ,5,2,3,5,ITI,ITI4,12,Lazio
2024-06-19,FVG,1,1,0,1,ITH,ITH4,6,Friuli-Venezia Giulia
2024-06-24,FVG,2,1,1,2,ITH,ITH4,6,Friuli-Venezia Giulia
2024-04-30,ABR,2,1,1,2,ITF,ITF1,13,Abruzzo
2024-06-20,LAZ,3,0,3,3,ITI,ITI4,12,Lazio
2024-07-11,SAR,1,0,1,1,ITG,ITG2,20,Sardegna
2024-05-03,UMB,1,0,1,1,ITI,ITI2,10,Umbria
2024-01-20,PAB,1,0,1,1,ITH,ITH1,4,Provincia Autonoma Bolzano / Bozen
2024-07-11,VEN,1,0,1,1,ITH,ITH3,5,Veneto
2024-06-27,LIG,1,1,0,1,ITC,ITC3,7,Liguria
2023-12-25,VEN,1,1,0,1,ITH,ITH3,5,Veneto
2024-08-23,PUG,1,0,1,1,ITF,ITF4,16,Puglia
2023-12-07,MOL,160,79,81,160,ITF,ITF2,14,Molise
2023-10-18,FVG,140,77,63,140,ITH,ITH4,6,Friuli-Venezia Giulia
2024-04-12,LAZ,8,5,3,8,ITI,ITI4,12,Lazio
2023-10-30,MAR,418,201,217,418,ITI,ITI3,11,Marche
2024-01-06,MAR,10,6,4,10,ITI,ITI3,11,Marche
2023-10-18,CAL,12,9,3,12,ITF,ITF6,18,Calabria
2024-02-23,FVG,67,34,33,67,ITH,ITH4,6,Friuli-Venezia Giulia
2023-12-28,SAR,596,275,321,596,ITG,ITG2,20,Sardegna
2023-12-18,PAB,112,53,59,112,ITH,ITH1,4,Provincia Autonoma Bolzano / Bozen
2024-03-14,PAT,3,1,2,3,ITH,ITH2,4,Provincia Autonoma Trento
2024-02-28,MOL,2,2,0,2,ITF,ITF2,14,Molise
2024-06-18,LAZ,5,2,3,5,ITI,ITI4,12,Lazio
2024-04-18,PIE,16,10,6,16,ITC,ITC1,1,Piemonte
2023-11-20,PAB,142,64,78,142,ITH,ITH1,4,Provincia Autonoma Bolzano / Bozen
2023-10-04,LIG,12,4,8,12,ITC,ITC3,7,Liguria
2023-12-15,BAS,502,242,260,502,ITF,ITF5,17,Basilicata
2023-10-25,PAB,630,313,317,630,ITH,ITH1,4,Provincia Autonoma Bolzano / Bozen
2023-12-10,TOS,22,9,13,22,ITI,ITI1,9,Toscana
2024-07-19,VEN,9,2,7,9,ITH,ITH3,5,Veneto
2024-01-09,FVG,593,298,295,593,ITH,ITH4,6,Friuli-Venezia Giulia
2024-07-03,EMR,1,0,1,1,ITH,ITH5,8,Emilia-Romagna
2024-02-05,ABR,50,13,37,50,ITF,ITF1,13,Abruzzo
2023-12-23,TOS,651,353,298,651,ITI,ITI1,9,Toscana
2023-12-05,PIE,3181,1487,1694,3181,ITC,ITC1,1,Piemonte
2023-12-01,MAR,32,10,22,32,ITI,ITI3,11,Marche
2024-03-04,PIE,21,8,13,21,ITC,ITC1,1,Piemonte
2023-12-25,LOM,35,17,18,35,ITC,ITC4,3,Lombardia
2024-01-02,EMR,887,443,444,887,ITH,ITH5,8,Emilia-Romagna
2024-02-29,UMB,16,10,6,16,ITI,ITI2,10,Umbria
2023-11-13,MOL,86,52,34,86,ITF,ITF2,14,Molise
2024-02-03,SAR,24,8,16,24,ITG,ITG2,20,Sardegna
2023-12-02,CAL,92,54,38,92,ITF,ITF6,18,Calabria
2023-10-13,VEN,101,29,72,101,ITH,ITH3,5,Veneto
2024-01-11,LIG,992,481,511,992,ITC,ITC3,7,Liguria
2023-12-17,BAS,28,24,4,28,ITF,ITF5,17,Basilicata
2023-10-25,EMR,4327,2063,2264,4327,ITH,ITH5,8,Emilia-Romagna
2023-12-12,FVG,1206,588,618,1206,ITH,ITH4,6,Friuli-Venezia Giulia
2023-10-17,EMR,1218,591,627,1218,ITH,ITH5,8,Emilia-Romagna
2023-12-06,LIG,1616,763,853,1616,ITC,ITC3,7,Liguria
2023-11-07,LOM,10492,4850,5642,10492,ITC,ITC4,3,Lombardia
2023-11-15,VDA,154,85,69,154,ITC,ITC2,2,Valle d'Aosta / Vallée d'Aoste
2024-03-08,UMB,7,5,2,7,ITI,ITI2,10,Umbria
2023-12-11,PUG,1894,986,908,1894,ITF,ITF4,16,Puglia
2024-03-05,CAL,4,2,2,4,ITF,ITF6,18,Calabria
2024-06-09,FVG,2,0,2,2,ITH,ITH4,6,Friuli-Venezia Giulia
2024-01-16,PIE,1088,537,551,1088,ITC,ITC1,1,Piemonte
2024-01-10,PUG,882,453,429,882,ITF,ITF4,16,Puglia
2023-10-24,PIE,1307,628,679,1307,ITC,ITC1,1,Piemonte
2024-01-23,SIC,209,112,97,209,ITG,ITG1,19,Sicilia
2024-01-07,LAZ,1946,1001,945,1946,ITI,ITI4,12,Lazio
2024-05-28,PAT,1,1,0,1,ITH,ITH2,4,Provincia Autonoma Trento
2023-12-27,ABR,286,146,140,286,ITF,ITF1,13,Abruzzo
2023-11-23,EMR,6428,3081,3347,6428,ITH,ITH5,8,Emilia-Romagna
2023-11-09,TOS,8157,3860,4297,8157,ITI,ITI1,9,Toscana
2023-11-27,MOL,71,37,34,71,ITF,ITF2,14,Molise
2023-10-10,ABR,75,40,35,75,ITF,ITF1,13,Abruzzo
2024-02-12,CAL,7,3,4,7,ITF,ITF6,18,Calabria
2024-02-12,PAT,6,2,4,6,ITH,ITH2,4,Provincia Autonoma Trento
2023-11-10,VDA,165,76,89,165,ITC,ITC2,2,Valle d'Aosta / Vallée d'Aoste
2023-12-01,PAT,688,357,331,688,ITH,ITH2,4,Provincia Autonoma Trento
2024-03-07,LAZ,38,18,20,38,ITI,ITI4,12,Lazio
2023-12-31,ABR,1,1,0,1,ITF,ITF1,13,Abruzzo
2024-04-24,SAR,1,1,0,1,ITG,ITG2,20,Sardegna
2023-12-08,MOL,1,0,1,1,ITF,ITF2,14,Molise
2024-02-04,SIC,2,2,0,2,ITG,ITG1,19,Sicilia
2024-03-20,FVG,6,3,3,6,ITH,ITH4,6,Friuli-Venezia Giulia
2024-05-06,SAR,2,1,1,2,ITG,ITG2,20,Sardegna
2024-05-04,EMR,3,1,2,3,ITH,ITH5,8,Emilia-Romagna
2024-01-27,UMB,4,2,2,4,ITI,ITI2,10,Umbria
2024-07-05,VEN,2,1,1,2,ITH,ITH3,5,Veneto
2023-10-28,PAT,47,16,31,47,ITH,ITH2,4,Provincia Autonoma Trento
2024-05-22,LAZ,6,3,3,6,ITI,ITI4,12,Lazio
2024-03-13,ABR,5,4,1,5,ITF,ITF1,13,Abruzzo
2024-02-25,EMR,2,2,0,2,ITH,ITH5,8,Emilia-Romagna
2024-05-20,PIE,3,2,1,3,ITC,ITC1,1,Piemonte
2024-08-19,CAM,1,1,0,1,ITF,ITF3,15,Campania
2024-03-13,MAR,4,2,2,4,ITI,ITI3,11,Marche
2024-07-02,LAZ,1,1,0,1,ITI,ITI4,12,Lazio
2024-08-13,CAL,1,0,1,1,ITF,ITF6,18,Calabria
2023-10-12,VEN,6,1,5,6,ITH,ITH3,5,Veneto
2024-06-12,LAZ,1,0,1,1,ITI,ITI4,12,Lazio
2023-11-12,PAB,2,2,0,2,ITH,ITH1,4,Provincia Autonoma Bolzano / Bozen
2024-05-25,LAZ,1,0,1,1,ITI,ITI4,12,Lazio
2024-03-07,BAS,1,1,0,1,ITF,ITF5,17,Basilicata
2024-02-18,PUG,1,0,1,1,ITF,ITF4,16,Puglia
2024-04-10,LIG,1,1,0,1,ITC,ITC3,7,Liguria
2023-12-01,VEN,3997,1980,2017,3997,ITH,ITH3,5,Veneto
2024-02-06,PUG,120,46,74,120,ITF,ITF4,16,Puglia
2024-01-29,ABR,53,24,29,53,ITF,ITF1,13,Abruzzo
2024-01-10,MOL,56,29,27,56,ITF,ITF2,14,Molise
2023-12-03,PIE,47,24,23,47,ITC,ITC1,1,Piemonte
2024-02-14,TOS,69,30,39,69,ITI,ITI1,9,Toscana
2024-01-08,PAT,165,67,98,165,ITH,ITH2,4,Provincia Autonoma Trento
2024-01-19,CAM,321,168,153,321,ITF,ITF3,15,Campania
2023-10-12,SAR,48,27,21,48,ITG,ITG2,20,Sardegna
2024-05-27,VEN,7,4,3,7,ITH,ITH3,5,Veneto
2024-03-05,SAR,36,17,19,36,ITG,ITG2,20,Sardegna
2024-01-01,LAZ,204,108,96,204,ITI,ITI4,12,Lazio
2023-11-10,LOM,9931,4611,5320,9931,ITC,ITC4,3,Lombardia
2024-01-04,CAL,202,121,81,202,ITF,ITF6,18,Calabria
2023-12-15,MOL,135,71,64,135,ITF,ITF2,14,Molise
2024-04-22,FVG,4,2,2,4,ITH,ITH4,6,Friuli-Venezia Giulia
2024-02-06,FVG,88,51,37,88,ITH,ITH4,6,Friuli-Venezia Giulia
2023-10-26,CAM,402,225,177,402,ITF,ITF3,15,Campania
2024-05-27,SAR,1,0,1,1,ITG,ITG2,20,Sardegna
2023-12-09,TOS,560,275,285,560,ITI,ITI1,9,Toscana
2024-02-05,PUG,62,21,41,62,ITF,ITF4,16,Puglia
2023-11-28,CAM,527,272,255,527,ITF,ITF3,15,Campania
2024-01-30,LIG,270,119,151,270,ITC,ITC3,7,Liguria
2023-10-20,SAR,120,59,61,120,ITG,ITG2,20,Sardegna
2024-01-03,MOL,73,41,32,73,ITF,ITF2,14,Molise
2024-01-13,UMB,80,33,47,80,ITI,ITI2,10,Umbria
2024-01-04,LIG,493,241,252,493,ITC,ITC3,7,Liguria
2023-12-01,SAR,864,436,428,864,ITG,ITG2,20,Sardegna
2023-10-09,PAB,80,39,41,80,ITH,ITH1,4,Provincia Autonoma Bolzano / Bozen
2023-11-18,PIE,1255,638,617,1255,ITC,ITC1,1,Piemonte
2023-12-11,CAL,384,206,178,384,ITF,ITF6,18,Calabria
2023-12-28,ABR,438,221,217,438,ITF,ITF1,13,Abruzzo
2023-12-22,VDA,17,7,10,17,ITC,ITC2,2,Valle d'Aosta / Vallée d'Aoste
2024-07-02,SIC,1,1,0,1,ITG,ITG1,19,Sicilia
2023-11-24,MAR,844,434,410,844,ITI,ITI3,11,Marche
2024-02-20,PIE,45,25,20,45,ITC,ITC1,1,Piemonte
2024-03-11,UMB,8,3,5,8,ITI,ITI2,10,Umbria
2024-02-21,SIC,78,47,31,78,ITG,ITG1,19,Sicilia
2024-07-29,PIE,3,1,2,3,ITC,ITC1,1,Piemonte
2024-01-09,SIC,460,230,230,460,ITG,ITG1,19,Sicilia
2023-11-05,EMR,192,102,90,192,ITH,ITH5,8,Emilia-Romagna
2024-01-18,LOM,1776,791,985,1776,ITC,ITC4,3,Lombardia
2023-12-26,PIE,99,51,48,99,ITC,ITC1,1,Piemonte
2024-05-15,LIG,7,2,5,7,ITC,ITC3,7,Liguria
2024-01-17,MAR,150,69,81,150,ITI,ITI3,11,Marche
2023-11-09,PIE,3019,1431,1588,3019,ITC,ITC1,1,Piemonte
2023-11-04,LAZ,726,371,355,726,ITI,ITI4,12,Lazio
2023-11-06,PAT,425,207,218,425,ITH,ITH2,4,Provincia Autonoma Trento
2024-08-26,EMR,2,2,0,2,ITH,ITH5,8,Emilia-Romagna
2024-02-27,EMR,100,37,63,100,ITH,ITH5,8,Emilia-Romagna
2024-01-18,VEN,919,434,485,919,ITH,ITH3,5,Veneto
2023-12-30,PAT,6,2,4,6,ITH,ITH2,4,Provincia Autonoma Trento
2023-10-13,LAZ,249,119,130,249,ITI,ITI4,12,Lazio
2023-12-29,CAM,637,345,292,637,ITF,ITF3,15,Campania
2023-12-30,CAL,86,45,41,86,ITF,ITF6,18,Calabria
2023-12-30,PUG,162,90,72,162,ITF,ITF4,16,Puglia
2023-12-04,BAS,95,56,39,95,ITF,ITF5,17,Basilicata
2023-10-31,FVG,1076,509,567,1076,ITH,ITH4,6,Friuli-Venezia Giulia
2023-12-22,ABR,407,217,190,407,ITF,ITF1,13,Abruzzo
2024-03-14,LAZ,33,19,14,33,ITI,ITI4,12,Lazio
2024-03-22,LAZ,10,6,4,10,ITI,ITI4,12,Lazio
2023-10-30,MOL,25,12,13,25,ITF,ITF2,14,Molise
2023-12-21,PAB,457,256,201,457,ITH,ITH1,4,Provincia Autonoma Bolzano / Bozen
2024-07-27,LAZ,1,0,1,1,ITI,ITI4,12,Lazio
2023-11-10,SIC,83,45,38,83,ITG,ITG1,19,Sicilia
2024-03-16,LOM,28,11,17,28,ITC,ITC4,3,Lombardia
2024-02-13,TOS,53,27,26,53,ITI,ITI1,9,Toscana
2024-04-11,VEN,5,2,3,5,ITH,ITH3,5,Veneto
2024-01-10,LAZ,2725,1319,1406,2725,ITI,ITI4,12,Lazio
2024-05-22,VEN,12,2,10,12,ITH,ITH3,5,Veneto
2024-01-27,ABR,30,20,10,30,ITF,ITF1,13,Abruzzo
2024-05-08,PIE,8,5,3,8,ITC,ITC1,1,Piemonte
2024-03-07,PUG,19,8,11,19,ITF,ITF4,16,Puglia
2024-03-20,LOM,50,26,24,50,ITC,ITC4,3,Lombardia
2023-11-20,PIE,2011,894,1117,2011,ITC,ITC1,1,Piemonte
2024-01-17,VEN,625,295,330,625,ITH,ITH3,5,Veneto
2023-11-05,LOM,789,383,406,789,ITC,ITC4,3,Lombardia
2024-03-26,PIE,12,0,12,12,ITC,ITC1,1,Piemonte
2024-01-01,PIE,15,5,10,15,ITC,ITC1,1,Piemonte
2023-11-01,PUG,33,15,18,33,ITF,ITF4,16,Puglia
2024-07-03,PUG,1,1,0,1,ITF,ITF4,16,Puglia
2023-11-22,PAT,393,186,207,393,ITH,ITH2,4,Provincia Autonoma Trento
2024-02-20,SIC,50,26,24,50,ITG,ITG1,19,Sicilia
2023-11-09,FVG,1406,611,795,1406,ITH,ITH4,6,Friuli-Venezia Giulia
2023-11-28,VEN,4312,2099,2213,4312,ITH,ITH3,5,Veneto
2024-05-20,FVG,8,3,5,8,ITH,ITH4,6,Friuli-Venezia Giulia
2023-10-23,VEN,334,146,188,334,ITH,ITH3,5,Veneto
2023-11-23,MOL,44,26,18,44,ITF,ITF2,14,Molise
2023-12-30,VEN,1338,671,667,1338,ITH,ITH3,5,Veneto
2024-03-06,SIC,20,13,7,20,ITG,ITG1,19,Sicilia
2024-01-27,SAR,96,52,44,96,ITG,ITG2,20,Sardegna
2023-12-15,SIC,1340,704,636,1340,ITG,ITG1,19,Sicilia
2024-02-09,FVG,111,52,59,111,ITH,ITH4,6,Friuli-Venezia Giulia
2023-12-14,UMB,760,379,381,760,ITI,ITI2,10,Umbria
2023-12-29,SIC,689,377,312,689,ITG,ITG1,19,Sicilia
2023-12-11,BAS,159,89,70,159,ITF,ITF5,17,Basilicata
2024-02-22,PIE,37,16,21,37,ITC,ITC1,1,Piemonte
2023-12-29,VEN,1427,700,727,1427,ITH,ITH3,5,Veneto
2023-11-17,VEN,3263,1509,1754,3263,ITH,ITH3,5,Veneto
2024-03-08,SIC,11,6,5,11,ITG,ITG1,19,Sicilia
2024-04-01,TOS,3,1,2,3,ITI,ITI1,9,Toscana
2024-02-10,SIC,12,6,6,12,ITG,ITG1,19,Sicilia
2024-01-27,LOM,311,134,177,311,ITC,ITC4,3,Lombardia
2024-05-29,SIC,8,1,7,8,ITG,ITG1,19,Sicilia
2024-04-12,CAL,2,1,1,2,ITF,ITF6,18,Calabria
2023-12-01,CAM,716,381,335,716,ITF,ITF3,15,Campania
2024-03-21,FVG,60,19,41,60,ITH,ITH4,6,Friuli-Venezia Giulia
2023-11-15,FVG,1125,535,590,1125,ITH,ITH4,6,Friuli-Venezia Giulia
2023-11-28,SIC,424,242,182,424,ITG,ITG1,19,Sicilia
2023-11-01,CAM,21,10,11,21,ITF,ITF3,15,Campania
2023-10-13,PUG,204,111,93,204,ITF,ITF4,16,Puglia
2024-02-15,EMR,147,56,91,147,ITH,ITH5,8,Emilia-Romagna
2024-04-17,CAL,2,2,0,2,ITF,ITF6,18,Calabria
2024-03-12,PIE,9,3,6,9,ITC,ITC1,1,Piemonte
2023-12-07,CAL,333,208,125,333,ITF,ITF6,18,Calabria
2023-11-19,LIG,3,1,2,3,ITC,ITC3,7,Liguria
2023-10-26,SAR,205,101,104,205,ITG,ITG2,20,Sardegna
2024-03-14,EMR,38,12,26,38,ITH,ITH5,8,Emilia-Romagna
2023-10-31,SIC,85,52,33,85,ITG,ITG1,19,Sicilia
2024-01-31,SAR,205,100,105,205,ITG,ITG2,20,Sardegna
2024-03-13,TOS,15,7,8,15,ITI,ITI1,9,Toscana
2024-02-08,PAT,68,15,53,68,ITH,ITH2,4,Provincia Autonoma Trento
2023-10-25,TOS,3529,1688,1841,3529,ITI,ITI1,9,Toscana
2023-12-18,CAM,1279,699,580,1279,ITF,ITF3,15,Campania
2023-10-28,UMB,79,25,54,79,ITI,ITI2,10,Umbria
2024-01-09,VDA,7,2,5,7,ITC,ITC2,2,Valle d'Aosta / Vallée d'Aoste
2024-07-16,LAZ,2,2,0,2,ITI,ITI4,12,Lazio
2024-01-28,EMR,7,2,5,7,ITH,ITH5,8,Emilia-Romagna
2024-07-17,TOS,1,0,1,1,ITI,ITI1,9,Toscana
2024-02-22,CAL,4,1,3,4,ITF,ITF6,18,Calabria
2024-08-08,CAM,7,4,3,7,ITF,ITF3,15,Campania
2024-02-09,CAL,13,6,7,13,ITF,ITF6,18,Calabria
2024-03-29,SIC,1,1,0,1,ITG,ITG1,19,Sicilia
2023-10-06,ABR,3,2,1,3,ITF,ITF1,13,Abruzzo
2024-02-11,FVG,1,1,0,1,ITH,ITH4,6,Friuli-Venezia Giulia
2024-05-15,VEN,5,3,2,5,ITH,ITH3,5,Veneto
2024-05-07,PIE,9,6,3,9,ITC,ITC1,1,Piemonte
2024-06-19,LIG,1,0,1,1,ITC,ITC3,7,Liguria
2024-08-19,SAR,3,2,1,3,ITG,ITG2,20,Sardegna
2024-05-24,SAR,1,0,1,1,ITG,ITG2,20,Sardegna
2024-06-19,EMR,8,3,5,8,ITH,ITH5,8,Emilia-Romagna
2023-11-19,PAB,1,0,1,1,ITH,ITH1,4,Provincia Autonoma Bolzano / Bozen
2024-08-21,LIG,6,4,2,6,ITC,ITC3,7,Liguria
2024-07-08,PIE,5,2,3,5,ITC,ITC1,1,Piemonte
2024-02-21,PAT,1,1,0,1,ITH,ITH2,4,Provincia Autonoma Trento
2024-08-02,VEN,2,1,1,2,ITH,ITH3,5,Veneto
2024-07-18,FVG,3,1,2,3,ITH,ITH4,6,Friuli-Venezia Giulia
2024-02-24,SIC,1,1,0,1,ITG,ITG1,19,Sicilia
2024-04-30,SIC,1,0,1,1,ITG,ITG1,19,Sicilia
2024-05-30,FVG,2,1,1,2,ITH,ITH4,6,Friuli-Venezia Giulia
2024-06-10,CAL,1,0,1,1,ITF,ITF6,18,Calabria
2024-02-24,EMR,2,1,1,2,ITH,ITH5,8,Emilia-Romagna
2024-03-06,MAR,1,0,1,1,ITI,ITI3,11,Marche
2024-05-22,EMR,1,1,0,1,ITH,ITH5,8,Emilia-Romagna
2024-07-22,PUG,1,0,1,1,ITF,ITF4,16,Puglia
2023-11-22,PUG,1606,819,787,1606,ITF,ITF4,16,Puglia
2023-10-30,PIE,1176,571,605,1176,ITC,ITC1,1,Piemonte
2024-01-06,PIE,438,215,223,438,ITC,ITC1,1,Piemonte
2024-02-17,UMB,7,5,2,7,ITI,ITI2,10,Umbria
2023-12-10,VEN,744,411,333,744,ITH,ITH3,5,Veneto
2023-12-11,PIE,2240,1078,1162,2240,ITC,ITC1,1,Piemonte
2024-03-19,PAB,6,3,3,6,ITH,ITH1,4,Provincia Autonoma Bolzano / Bozen
2024-01-23,UMB,143,80,63,143,ITI,ITI2,10,Umbria
2024-03-28,TOS,19,12,7,19,ITI,ITI1,9,Toscana
2024-03-12,CAL,2,1,1,2,ITF,ITF6,18,Calabria
2023-12-29,EMR,1672,784,888,1672,ITH,ITH5,8,Emilia-Romagna
2024-01-12,VEN,1971,962,1009,1971,ITH,ITH3,5,Veneto
2023-10-19,SAR,119,71,48,119,ITG,ITG2,20,Sardegna
2023-10-28,ABR,47,26,21,47,ITF,ITF1,13,Abruzzo
2024-01-03,LAZ,2490,1157,1333,2490,ITI,ITI4,12,Lazio
2023-12-24,CAL,4,1,3,4,ITF,ITF6,18,Calabria
2024-02-19,MAR,8,3,5,8,ITI,ITI3,11,Marche
2023-11-12,CAL,6,0,6,6,ITF,ITF6,18,Calabria
2024-01-08,LAZ,1516,754,762,1516,ITI,ITI4,12,Lazio
2024-01-14,ABR,22,15,7,22,ITF,ITF1,13,Abruzzo
2023-10-23,EMR,2312,1143,1169,2312,ITH,ITH5,8,Emilia-Romagna
2023-10-29,MAR,27,15,12,27,ITI,ITI3,11,Marche
2024-03-22,EMR,6,4,2,6,ITH,ITH5,8,Emilia-Romagna
2024-04-08,SAR,1,0,1,1,ITG,ITG2,20,Sardegna
2024-06-04,PUG,3,0,3,3,ITF,ITF4,16,Puglia
2024-05-10,CAL,1,1,0,1,ITF,ITF6,18,Calabria
2024-04-27,PIE,1,0,1,1,ITC,ITC1,1,Piemonte
2024-07-29,SAR,1,1,0,1,ITG,ITG2,20,Sardegna
2024-01-07,VEN,5,2,3,5,ITH,ITH3,5,Veneto
2023-11-19,UMB,20,11,9,20,ITI,ITI2,10,Umbria
2023-10-14,PUG,11,4,7,11,ITF,ITF4,16,Puglia
2024-04-16,TOS,4,2,2,4,ITI,ITI1,9,Toscana
2024-06-05,LAZ,1,1,0,1,ITI,ITI4,12,Lazio
2024-09-03,LIG,2,1,1,2,ITC,ITC3,7,Liguria
2024-04-15,LAZ,3,2,1,3,ITI,ITI4,12,Lazio
2024-07-31,TOS,1,1,0,1,ITI,ITI1,9,Toscana
2024-03-25,MAR,1,0,1,1,ITI,ITI3,11,Marche
2024-03-20,CAL,4,2,2,4,ITF,ITF6,18,Calabria
2024-02-20,UMB,2,1,1,2,ITI,ITI2,10,Umbria
2024-07-03,TOS,1,1,0,1,ITI,ITI1,9,Toscana
2024-04-05,EMR,2,1,1,2,ITH,ITH5,8,Emilia-Romagna
2024-03-12,CAM,1,0,1,1,ITF,ITF3,15,Campania
2024-09-04,PUG,1,1,0,1,ITF,ITF4,16,Puglia
2024-08-14,PUG,4,2,2,4,ITF,ITF4,16,Puglia
2024-09-11,PIE,1,1,0,1,ITC,ITC1,1,Piemonte
2024-01-21,UMB,6,4,2,6,ITI,ITI2,10,Umbria
2024-05-07,PUG,1,0,1,1,ITF,ITF4,16,Puglia
2023-12-20,PIE,3083,1518,1565,3083,ITC,ITC1,1,Piemonte
2024-01-20,LIG,77,31,46,77,ITC,ITC3,7,Liguria
2023-10-19,ABR,131,77,54,131,ITF,ITF1,13,Abruzzo
2023-11-05,PAB,6,2,4,6,ITH,ITH1,4,Provincia Autonoma Bolzano / Bozen
2024-01-04,SIC,576,312,264,576,ITG,ITG1,19,Sicilia
2023-11-04,CAM,89,50,39,89,ITF,ITF3,15,Campania
2024-02-23,CAL,22,13,9,22,ITF,ITF6,18,Calabria
2024-02-22,FVG,64,31,33,64,ITH,ITH4,6,Friuli-Venezia Giulia
2024-03-11,ABR,1,1,0,1,ITF,ITF1,13,Abruzzo
2023-11-25,MAR,38,13,25,38,ITI,ITI3,11,Marche
2024-02-01,MAR,23,11,12,23,ITI,ITI3,11,Marche
2024-05-09,TOS,2,1,1,2,ITI,ITI1,9,Toscana
2023-12-18,VEN,3556,1778,1778,3556,ITH,ITH3,5,Veneto
2024-02-07,PUG,74,33,41,74,ITF,ITF4,16,Puglia
2024-01-22,PIE,301,145,156,301,ITC,ITC1,1,Piemonte
2023-10-26,FVG,857,426,431,857,ITH,ITH4,6,Friuli-Venezia Giulia
2024-07-16,PUG,6,3,3,6,ITF,ITF4,16,Puglia
2024-03-14,MAR,1,1,0,1,ITI,ITI3,11,Marche
2023-12-01,EMR,5610,2649,2961,5610,ITH,ITH5,8,Emilia-Romagna
2024-04-09,PAT,2,1,1,2,ITH,ITH2,4,Provincia Autonoma Trento
2023-11-21,LAZ,2431,1211,1220,2431,ITI,ITI4,12,Lazio
2023-11-08,LOM,11495,5266,6229,11495,ITC,ITC4,3,Lombardia
2024-05-09,LAZ,5,2,3,5,ITI,ITI4,12,Lazio
2023-11-22,LAZ,2413,1161,1252,2413,ITI,ITI4,12,Lazio
2023-11-13,TOS,3861,1804,2057,3861,ITI,ITI1,9,Toscana
2023-10-21,VEN,49,21,28,49,ITH,ITH3,5,Veneto
2024-02-09,UMB,35,14,21,35,ITI,ITI2,10,Umbria
2024-01-20,BAS,20,8,12,20,ITF,ITF5,17,Basilicata
2024-03-22,PIE,52,27,25,52,ITC,ITC1,1,Piemonte
2023-10-21,SIC,7,3,4,7,ITG,ITG1,19,Sicilia
2023-10-25,MAR,532,266,266,532,ITI,ITI3,11,Marche
2023-11-13,SAR,354,183,171,354,ITG,ITG2,20,Sardegna
2024-02-27,SAR,84,34,50,84,ITG,ITG2,20,Sardegna
2023-12-22,UMB,1002,511,491,1002,ITI,ITI2,10,Umbria
2024-01-12,MOL,28,15,13,28,ITF,ITF2,14,Molise
2023-10-06,VDA,18,10,8,18,ITC,ITC2,2,Valle d'Aosta / Vallée d'Aoste
2023-11-03,PUG,1629,841,788,1629,ITF,ITF4,16,Puglia
2024-01-25,CAM,206,112,94,206,ITF,ITF3,15,Campania
2023-12-12,SIC,797,429,368,797,ITG,ITG1,19,Sicilia
2024-01-31,CAL,33,23,10,33,ITF,ITF6,18,Calabria
2024-03-18,VEN,22,11,11,22,ITH,ITH3,5,Veneto
2024-03-11,PIE,23,11,12,23,ITC,ITC1,1,Piemonte
2024-07-22,LAZ,8,4,4,8,ITI,ITI4,12,Lazio
2024-01-18,TOS,878,413,465,878,ITI,ITI1,9,Toscana
2024-07-18,PIE,2,1,1,2,ITC,ITC1,1,Piemonte
2024-02-18,PIE,3,2,1,3,ITC,ITC1,1,Piemonte
2023-11-23,SIC,331,179,152,331,ITG,ITG1,19,Sicilia
2024-02-22,MOL,1,0,1,1,ITF,ITF2,14,Molise
2023-11-26,PIE,56,27,29,56,ITC,ITC1,1,Piemonte
2023-12-28,LAZ,3564,1766,1798,3564,ITI,ITI4,12,Lazio
2023-11-12,LOM,1025,488,537,1025,ITC,ITC4,3,Lombardia
2023-11-29,LIG,1373,662,711,1373,ITC,ITC3,7,Liguria
2023-11-30,MAR,38,22,16,38,ITI,ITI3,11,Marche
2024-01-07,BAS,9,4,5,9,ITF,ITF5,17,Basilicata
2023-11-01,VEN,12,4,8,12,ITH,ITH3,5,Veneto
2024-08-07,LIG,1,1,0,1,ITC,ITC3,7,Liguria
2024-01-28,MAR,4,2,2,4,ITI,ITI3,11,Marche
2024-08-09,PIE,8,3,5,8,ITC,ITC1,1,Piemonte
2024-02-19,VEN,67,32,35,67,ITH,ITH3,5,Veneto
2023-10-13,CAM,128,61,67,128,ITF,ITF3,15,Campania
2023-12-13,BAS,358,202,156,358,ITF,ITF5,17,Basilicata
2024-02-07,PAT,3,2,1,3,ITH,ITH2,4,Provincia Autonoma Trento
2023-12-02,VDA,6,3,3,6,ITC,ITC2,2,Valle d'Aosta / Vallée d'Aoste
2023-11-09,CAL,126,66,60,126,ITF,ITF6,18,Calabria
2023-11-11,EMR,3438,1671,1767,3438,ITH,ITH5,8,Emilia-Romagna
2023-11-27,VEN,2574,1231,1343,2574,ITH,ITH3,5,Veneto
2024-01-24,BAS,43,17,26,43,ITF,ITF5,17,Basilicata
2024-04-09,PUG,3,1,2,3,ITF,ITF4,16,Puglia
2024-07-03,LAZ,7,3,4,7,ITI,ITI4,12,Lazio
2024-01-11,EMR,1368,657,711,1368,ITH,ITH5,8,Emilia-Romagna
2023-10-31,VDA,154,76,78,154,ITC,ITC2,2,Valle d'Aosta / Vallée d'Aoste
2023-11-10,BAS,12,6,6,12,ITF,ITF5,17,Basilicata
2023-11-05,UMB,137,72,65,137,ITI,ITI2,10,Umbria
2023-11-14,VDA,106,49,57,106,ITC,ITC2,2,Valle d'Aosta / Vallée d'Aoste
2024-01-09,EMR,1350,656,694,1350,ITH,ITH5,8,Emilia-Romagna
2023-12-18,LOM,10398,5138,5260,10398,ITC,ITC4,3,Lombardia
2023-11-03,PAT,357,173,184,357,ITH,ITH2,4,Provincia Autonoma Trento
2024-01-05,PUG,834,402,432,834,ITF,ITF4,16,Puglia
2024-04-26,SAR,5,2,3,5,ITG,ITG2,20,Sardegna
2023-10-23,MOL,37,14,23,37,ITF,ITF2,14,Molise
2023-11-24,BAS,69,36,33,69,ITF,ITF5,17,Basilicata
2024-01-22,ABR,60,30,30,60,ITF,ITF1,13,Abruzzo
2023-12-01,TOS,5714,2650,3064,5714,ITI,ITI1,9,Toscana
2023-11-29,CAL,193,115,78,193,ITF,ITF6,18,Calabria
2024-02-08,LAZ,172,69,103,172,ITI,ITI4,12,Lazio
2023-11-22,TOS,6319,2922,3397,6319,ITI,ITI1,9,Toscana
2023-10-11,SAR,90,43,47,90,ITG,ITG2,20,Sardegna
2024-02-14,SIC,29,13,16,29,ITG,ITG1,19,Sicilia
2023-10-30,LAZ,958,476,482,958,ITI,ITI4,12,Lazio
2024-01-25,SIC,291,159,132,291,ITG,ITG1,19,Sicilia
2024-01-08,ABR,101,50,51,101,ITF,ITF1,13,Abruzzo
2024-01-05,MOL,33,13,20,33,ITF,ITF2,14,Molise
2024-03-28,LOM,24,7,17,24,ITC,ITC4,3,Lombardia
2023-10-25,UMB,39,34,5,39,ITI,ITI2,10,Umbria
2024-01-31,FVG,177,76,101,177,ITH,ITH4,6,Friuli-Venezia Giulia
2024-01-02,UMB,97,43,54,97,ITI,ITI2,10,Umbria
2023-12-12,VDA,100,46,54,100,ITC,ITC2,2,Valle d'Aosta / Vallée d'Aoste
2023-10-28,MAR,739,376,363,739,ITI,ITI3,11,Marche
2024-02-10,VEN,50,21,29,50,ITH,ITH3,5,Veneto
2023-11-12,MAR,78,41,37,78,ITI,ITI3,11,Marche
2024-03-14,PUG,9,3,6,9,ITF,ITF4,16,Puglia
2024-03-08,PIE,37,19,18,37,ITC,ITC1,1,Piemonte
2023-12-23,PUG,232,109,123,232,ITF,ITF4,16,Puglia
2024-05-14,EMR,7,3,4,7,ITH,ITH5,8,Emilia-Romagna
2023-12-25,EMR,10,6,4,10,ITH,ITH5,8,Emilia-Romagna
2024-01-26,PIE,637,312,325,637,ITC,ITC1,1,Piemonte
2024-09-03,VEN,25,13,12,25,ITH,ITH3,5,Veneto
2024-01-07,PUG,21,19,2,21,ITF,ITF4,16,Puglia
2023-12-20,MOL,271,152,119,271,ITF,ITF2,14,Molise
2024-02-12,BAS,16,6,10,16,ITF,ITF5,17,Basilicata
2023-12-01,LAZ,3546,1742,1804,3546,ITI,ITI4,12,Lazio
2023-11-07,BAS,30,20,10,30,ITF,ITF5,17,Basilicata
2024-04-04,PAT,1,1,0,1,ITH,ITH2,4,Provincia Autonoma Trento
2024-02-28,UMB,15,6,9,15,ITI,ITI2,10,Umbria
2023-11-25,EMR,1996,987,1009,1996,ITH,ITH5,8,Emilia-Romagna
2024-06-21,EMR,21,12,9,21,ITH,ITH5,8,Emilia-Romagna
2024-02-07,FVG,41,24,17,41,ITH,ITH4,6,Friuli-Venezia Giulia
2024-02-09,MAR,11,6,5,11,ITI,ITI3,11,Marche
2023-11-24,TOS,6639,3124,3515,6639,ITI,ITI1,9,Toscana
2023-11-06,VDA,103,51,52,103,ITC,ITC2,2,Valle d'Aosta / Vallée d'Aoste
2024-03-13,VEN,47,11,36,47,ITH,ITH3,5,Veneto
2024-02-13,SAR,128,69,59,128,ITG,ITG2,20,Sardegna
2024-04-22,PIE,21,8,13,21,ITC,ITC1,1,Piemonte
2024-07-16,VEN,5,3,2,5,ITH,ITH3,5,Veneto
2024-07-26,EMR,10,5,5,10,ITH,ITH5,8,Emilia-Romagna
2024-04-23,TOS,4,3,1,4,ITI,ITI1,9,Toscana
2023-12-14,LAZ,4631,2201,2430,4631,ITI,ITI4,12,Lazio
2023-10-26,VDA,117,57,60,117,ITC,ITC2,2,Valle d'Aosta / Vallée d'Aoste
2023-11-25,UMB,229,100,129,229,ITI,ITI2,10,Umbria
2024-02-13,EMR,95,45,50,95,ITH,ITH5,8,Emilia-Romagna
2024-06-20,SIC,6,2,4,6,ITG,ITG1,19,Sicilia
2024-01-19,VDA,2,1,1,2,ITC,ITC2,2,Valle d'Aosta / Vallée d'Aoste
2024-02-22,TOS,36,17,19,36,ITI,ITI1,9,Toscana
2023-12-23,PAT,10,7,3,10,ITH,ITH2,4,Provincia Autonoma Trento
2024-01-31,PAT,3,2,1,3,ITH,ITH2,4,Provincia Autonoma Trento
2024-04-04,PUG,4,2,2,4,ITF,ITF4,16,Puglia
2024-05-21,PUG,2,1,1,2,ITF,ITF4,16,Puglia
2024-04-11,TOS,6,0,6,6,ITI,ITI1,9,Toscana
2024-02-28,PAB,3,2,1,3,ITH,ITH1,4,Provincia Autonoma Bolzano / Bozen
2023-10-15,LIG,1,0,1,1,ITC,ITC3,7,Liguria
2024-03-14,ABR,4,2,2,4,ITF,ITF1,13,Abruzzo
2024-02-16,BAS,12,7,5,12,ITF,ITF5,17,Basilicata
2023-11-25,PAB,5,1,4,5,ITH,ITH1,4,Provincia Autonoma Bolzano / Bozen
2024-04-08,TOS,9,5,4,9,ITI,ITI1,9,Toscana
2024-04-12,SIC,6,3,3,6,ITG,ITG1,19,Sicilia
2024-07-12,MAR,1,0,1,1,ITI,ITI3,11,Marche
2024-05-16,TOS,2,2,0,2,ITI,ITI1,9,Toscana
2024-03-06,UMB,13,6,7,13,ITI,ITI2,10,Umbria
2024-03-28,EMR,16,9,7,16,ITH,ITH5,8,Emilia-Romagna
2024-02-26,SIC,7,3,4,7,ITG,ITG1,19,Sicilia
2023-10-05,ABR,2,1,1,2,ITF,ITF1,13,Abruzzo
2023-12-08,SIC,1,1,0,1,ITG,ITG1,19,Sicilia
2024-07-22,SAR,3,1,2,3,ITG,ITG2,20,Sardegna
2024-04-22,MOL,1,0,1,1,ITF,ITF2,14,Molise
2024-02-14,VDA,1,0,1,1,ITC,ITC2,2,Valle d'Aosta / Vallée d'Aoste
2024-02-25,LAZ,1,0,1,1,ITI,ITI4,12,Lazio
2024-05-03,LIG,1,0,1,1,ITC,ITC3,7,Liguria
2024-04-15,PIE,1,0,1,1,ITC,ITC1,1,Piemonte
2024-02-10,ABR,2,2,0,2,ITF,ITF1,13,Abruzzo
2023-11-01,SIC,1,0,1,1,ITG,ITG1,19,Sicilia
2024-08-14,LIG,4,2,2,4,ITC,ITC3,7,Liguria
2024-03-26,SIC,2,2,0,2,ITG,ITG1,19,Sicilia
2024-04-23,PUG,1,0,1,1,ITF,ITF4,16,Puglia
2024-07-24,PAT,1,1,0,1,ITH,ITH2,4,Provincia Autonoma Trento
2024-05-07,TOS,1,0,1,1,ITI,ITI1,9,Toscana
2023-11-29,CAM,646,352,294,646,ITF,ITF3,15,Campania
2023-12-27,SAR,293,151,142,293,ITG,ITG2,20,Sardegna
2023-12-28,UMB,443,215,228,443,ITI,ITI2,10,Umbria
2023-12-16,MOL,564,293,271,564,ITF,ITF2,14,Molise
2024-01-29,VEN,164,75,89,164,ITH,ITH3,5,Veneto
2024-07-18,EMR,6,4,2,6,ITH,ITH5,8,Emilia-Romagna
2023-10-19,TOS,2348,1117,1231,2348,ITI,ITI1,9,Toscana
2023-10-18,VDA,149,70,79,149,ITC,ITC2,2,Valle d'Aosta / Vallée d'Aoste
2024-01-04,BAS,227,118,109,227,ITF,ITF5,17,Basilicata
2023-12-25,ABR,1,1,0,1,ITF,ITF1,13,Abruzzo
2024-02-27,LOM,199,75,124,199,ITC,ITC4,3,Lombardia
2023-11-10,PAT,590,270,320,590,ITH,ITH2,4,Provincia Autonoma Trento
2024-01-13,PIE,573,305,268,573,ITC,ITC1,1,Piemonte
2023-10-22,PIE,8,3,5,8,ITC,ITC1,1,Piemonte
2024-01-29,PAB,5,2,3,5,ITH,ITH1,4,Provincia Autonoma Bolzano / Bozen
2024-07-11,PIE,5,3,2,5,ITC,ITC1,1,Piemonte
2024-03-21,VEN,28,8,20,28,ITH,ITH3,5,Veneto
2023-11-23,TOS,8135,3842,4293,8135,ITI,ITI1,9,Toscana
2023-11-06,TOS,3931,1898,2033,3931,ITI,ITI1,9,Toscana
2024-01-25,PIE,590,267,323,590,ITC,ITC1,1,Piemonte
2024-04-07,BAS,30,13,17,30,ITF,ITF5,17,Basilicata
2024-03-26,LIG,8,5,3,8,ITC,ITC3,7,Liguria
2024-06-13,LAZ,4,3,1,4,ITI,ITI4,12,Lazio
2024-02-13,LOM,175,70,105,175,ITC,ITC4,3,Lombardia
2024-01-18,PAT,71,27,44,71,ITH,ITH2,4,Provincia Autonoma Trento
2024-01-25,MOL,20,7,13,20,ITF,ITF2,14,Molise
2024-07-15,VEN,4,3,1,4,ITH,ITH3,5,Veneto
2023-11-14,FVG,1446,733,713,1446,ITH,ITH4,6,Friuli-Venezia Giulia
2023-12-13,UMB,1006,492,514,1006,ITI,ITI2,10,Umbria
2023-11-10,TOS,6814,3221,3593,6814,ITI,ITI1,9,Toscana
2023-11-03,MAR,830,430,400,830,ITI,ITI3,11,Marche
2024-02-15,TOS,85,35,50,85,ITI,ITI1,9,Toscana
2023-12-28,PAB,6,2,4,6,ITH,ITH1,4,Provincia Autonoma Bolzano / Bozen
2023-11-02,PAT,515,259,256,515,ITH,ITH2,4,Provincia Autonoma Trento
2023-12-30,TOS,400,211,189,400,ITI,ITI1,9,Toscana
2024-03-21,MOL,1,1,0,1,ITF,ITF2,14,Molise
2023-11-23,LOM,9132,4250,4882,9132,ITC,ITC4,3,Lombardia
2024-04-10,PAB,2,1,1,2,ITH,ITH1,4,Provincia Autonoma Bolzano / Bozen
2024-02-27,ABR,3,2,1,3,ITF,ITF1,13,Abruzzo
2024-03-14,TOS,9,6,3,9,ITI,ITI1,9,Toscana
2023-12-27,VDA,82,38,44,82,ITC,ITC2,2,Valle d'Aosta / Vallée d'Aoste
2024-07-18,LAZ,15,5,10,15,ITI,ITI4,12,Lazio
2024-02-18,CAL,1,0,1,1,ITF,ITF6,18,Calabria
2023-10-24,LIG,905,371,534,905,ITC,ITC3,7,Liguria
2024-02-05,PAT,4,0,4,4,ITH,ITH2,4,Provincia Autonoma Trento
2024-01-08,PUG,509,261,248,509,ITF,ITF4,16,Puglia
2023-11-01,EMR,270,114,156,270,ITH,ITH5,8,Emilia-Romagna
2024-03-18,EMR,10,5,5,10,ITH,ITH5,8,Emilia-Romagna
2023-10-23,PAB,216,99,117,216,ITH,ITH1,4,Provincia Autonoma Bolzano / Bozen
2023-12-23,ABR,67,42,25,67,ITF,ITF1,13,Abruzzo
2024-02-23,PIE,65,30,35,65,ITC,ITC1,1,Piemonte
2024-02-17,CAL,10,6,4,10,ITF,ITF6,18,Calabria
2023-10-23,FVG,332,166,166,332,ITH,ITH4,6,Friuli-Venezia Giulia
2024-04-02,EMR,2,0,2,2,ITH,ITH5,8,Emilia-Romagna
2024-02-15,UMB,15,4,11,15,ITI,ITI2,10,Umbria
2024-01-30,FVG,278,125,153,278,ITH,ITH4,6,Friuli-Venezia Giulia
2024-03-08,FVG,6,2,4,6,ITH,ITH4,6,Friuli-Venezia Giulia
2023-12-20,LOM,11309,5480,5829,11309,ITC,ITC4,3,Lombardia
2023-11-02,MAR,625,307,318,625,ITI,ITI3,11,Marche
2024-02-06,SAR,201,88,113,201,ITG,ITG2,20,Sardegna
2024-03-20,UMB,9,2,7,9,ITI,ITI2,10,Umbria
2023-12-28,MAR,602,341,261,602,ITI,ITI3,11,Marche
2023-12-06,PAB,419,218,201,419,ITH,ITH1,4,Provincia Autonoma Bolzano / Bozen
2023-12-20,CAL,688,390,298,688,ITF,ITF6,18,Calabria
2023-12-07,BAS,196,115,81,196,ITF,ITF5,17,Basilicata
2024-01-04,CAM,225,114,111,225,ITF,ITF3,15,Campania
2024-02-21,BAS,6,3,3,6,ITF,ITF5,17,Basilicata
2023-12-06,UMB,1085,530,555,1085,ITI,ITI2,10,Umbria
2023-12-14,ABR,812,422,390,812,ITF,ITF1,13,Abruzzo
2024-01-22,LAZ,953,429,524,953,ITI,ITI4,12,Lazio
2023-11-22,CAM,555,302,253,555,ITF,ITF3,15,Campania
2023-12-21,UMB,1151,564,587,1151,ITI,ITI2,10,Umbria
2024-04-06,TOS,7,4,3,7,ITI,ITI1,9,Toscana
2023-10-27,SIC,66,38,28,66,ITG,ITG1,19,Sicilia
2024-04-19,CAL,3,2,1,3,ITF,ITF6,18,Calabria
2024-01-18,SAR,375,188,187,375,ITG,ITG2,20,Sardegna
2023-11-13,LOM,8633,4045,4588,8633,ITC,ITC4,3,Lombardia
2024-02-21,LAZ,89,35,54,89,ITI,ITI4,12,Lazio
2024-08-12,EMR,3,1,2,3,ITH,ITH5,8,Emilia-Romagna
2023-10-03,VEN,1,1,0,1,ITH,ITH3,5,Veneto
2024-07-25,SIC,1,1,0,1,ITG,ITG1,19,Sicilia
2024-03-29,CAM,8,4,4,8,ITF,ITF3,15,Campania
2024-04-24,CAL,1,1,0,1,ITF,ITF6,18,Calabria
2024-01-07,SIC,9,7,2,9,ITG,ITG1,19,Sicilia
2023-10-10,MAR,5,3,2,5,ITI,ITI3,11,Marche
2024-04-03,EMR,14,6,8,14,ITH,ITH5,8,Emilia-Romagna
2024-02-06,PAT,6,2,4,6,ITH,ITH2,4,Provincia Autonoma Trento
2024-07-01,LAZ,5,3,2,5,ITI,ITI4,12,Lazio
2024-05-21,LAZ,1,1,0,1,ITI,ITI4,12,Lazio
2024-05-15,CAM,2,1,1,2,ITF,ITF3,15,Campania
2024-06-28,LAZ,2,0,2,2,ITI,ITI4,12,Lazio
2024-05-23,SAR,2,1,1,2,ITG,ITG2,20,Sardegna
2024-06-11,LAZ,1,0,1,1,ITI,ITI4,12,Lazio
2024-05-06,VEN,1,1,0,1,ITH,ITH3,5,Veneto
2024-09-04,EMR,1,1,0,1,ITH,ITH5,8,Emilia-Romagna
2024-03-12,UMB,3,3,0,3,ITI,ITI2,10,Umbria
2024-08-08,PUG,1,1,0,1,ITF,ITF4,16,Puglia
2024-03-25,CAL,1,0,1,1,ITF,ITF6,18,Calabria
2024-07-17,PUG,1,1,0,1,ITF,ITF4,16,Puglia
2024-02-07,PAB,2,0,2,2,ITH,ITH1,4,Provincia Autonoma Bolzano / Bozen
2024-06-12,SIC,1,0,1,1,ITG,ITG1,19,Sicilia
2024-06-06,VEN,1,0,1,1,ITH,ITH3,5,Veneto
2024-05-20,TOS,3,2,1,3,ITI,ITI1,9,Toscana
2024-07-17,MAR,1,0,1,1,ITI,ITI3,11,Marche
2024-08-23,TOS,2,0,2,2,ITI,ITI1,9,Toscana
2024-06-24,LAZ,1,1,0,1,ITI,ITI4,12,Lazio
2024-06-24,TOS,1,1,0,1,ITI,ITI1,9,Toscana
2024-02-02,PAB,1,0,1,1,ITH,ITH1,4,Provincia Autonoma Bolzano / Bozen
2023-12-04,MAR,548,271,277,548,ITI,ITI3,11,Marche
2023-11-04,FVG,159,76,83,159,ITH,ITH4,6,Friuli-Venezia Giulia
2023-11-01,LOM,1247,550,697,1247,ITC,ITC4,3,Lombardia
2024-01-25,LOM,1035,432,603,1035,ITC,ITC4,3,Lombardia
2023-11-30,CAM,659,375,284,659,ITF,ITF3,15,Campania
2023-12-07,CAM,890,499,391,890,ITF,ITF3,15,Campania
2024-03-19,FVG,4,3,1,4,ITH,ITH4,6,Friuli-Venezia Giulia
2023-11-15,PIE,2837,1306,1531,2837,ITC,ITC1,1,Piemonte
2024-05-16,FVG,3,3,0,3,ITH,ITH4,6,Friuli-Venezia Giulia
2024-02-21,CAM,33,16,17,33,ITF,ITF3,15,Campania
2023-10-30,EMR,3344,1535,1809,3344,ITH,ITH5,8,Emilia-Romagna
2024-01-10,TOS,1000,472,528,1000,ITI,ITI1,9,Toscana
2023-12-09,CAM,304,172,132,304,ITF,ITF3,15,Campania
2024-02-10,LOM,78,32,46,78,ITC,ITC4,3,Lombardia
2024-03-08,LOM,48,19,29,48,ITC,ITC4,3,Lombardia
2024-03-18,PUG,1,1,0,1,ITF,ITF4,16,Puglia
2023-10-26,MOL,9,4,5,9,ITF,ITF2,14,Molise
2024-07-09,VEN,2,1,1,2,ITH,ITH3,5,Veneto
2023-12-24,BAS,58,28,30,58,ITF,ITF5,17,Basilicata
2023-12-14,FVG,1417,705,712,1417,ITH,ITH4,6,Friuli-Venezia Giulia
2024-03-25,FVG,13,9,4,13,ITH,ITH4,6,Friuli-Venezia Giulia
2024-01-18,SIC,322,164,158,322,ITG,ITG1,19,Sicilia
2023-10-27,EMR,4914,2328,2586,4914,ITH,ITH5,8,Emilia-Romagna
2023-10-11,CAM,174,95,79,174,ITF,ITF3,15,Campania
2024-04-08,LIG,4,2,2,4,ITC,ITC3,7,Liguria
2024-02-12,LIG,53,23,30,53,ITC,ITC3,7,Liguria
2023-12-20,PUG,2939,1502,1437,2939,ITF,ITF4,16,Puglia
2024-03-14,LOM,32,10,22,32,ITC,ITC4,3,Lombardia
2024-01-18,BAS,34,19,15,34,ITF,ITF5,17,Basilicata
2024-02-28,CAM,4,2,2,4,ITF,ITF3,15,Campania
2023-11-19,LAZ,57,32,25,57,ITI,ITI4,12,Lazio
2024-05-20,CAM,3,2,1,3,ITF,ITF3,15,Campania
2024-01-03,TOS,1249,581,668,1249,ITI,ITI1,9,Toscana
2024-01-15,EMR,912,440,472,912,ITH,ITH5,8,Emilia-Romagna
2024-01-16,CAM,117,67,50,117,ITF,ITF3,15,Campania
2024-05-02,LIG,2,1,1,2,ITC,ITC3,7,Liguria
2024-08-21,LAZ,5,2,3,5,ITI,ITI4,12,Lazio
2024-05-06,PUG,2,1,1,2,ITF,ITF4,16,Puglia
2023-12-17,ABR,185,94,91,185,ITF,ITF1,13,Abruzzo
2023-10-09,ABR,10,5,5,10,ITF,ITF1,13,Abruzzo
2024-06-12,LIG,2,1,1,2,ITC,ITC3,7,Liguria
2024-09-11,UMB,2,1,1,2,ITI,ITI2,10,Umbria
2024-03-19,LOM,62,22,40,62,ITC,ITC4,3,Lombardia
2023-10-01,LOM,2772,1464,1308,2772,ITC,ITC4,3,Lombardia
2024-01-02,CAL,117,73,44,117,ITF,ITF6,18,Calabria
2024-02-14,VEN,129,55,74,129,ITH,ITH3,5,Veneto
2024-01-19,SIC,388,195,193,388,ITG,ITG1,19,Sicilia
2023-11-18,CAL,34,21,13,34,ITF,ITF6,18,Calabria
2024-03-19,LIG,12,5,7,12,ITC,ITC3,7,Liguria
2024-08-06,LIG,5,2,3,5,ITC,ITC3,7,Liguria
2023-12-19,VDA,44,21,23,44,ITC,ITC2,2,Valle d'Aosta / Vallée d'Aoste
2024-01-24,LAZ,860,379,481,860,ITI,ITI4,12,Lazio
2023-10-24,MAR,572,298,274,572,ITI,ITI3,11,Marche
2024-02-29,VEN,31,13,18,31,ITH,ITH3,5,Veneto
2023-12-03,CAL,3,2,1,3,ITF,ITF6,18,Calabria
2024-08-30,EMR,5,2,3,5,ITH,ITH5,8,Emilia-Romagna
2024-03-19,CAM,7,1,6,7,ITF,ITF3,15,Campania
2024-06-05,LIG,1,1,0,1,ITC,ITC3,7,Liguria
2024-04-16,BAS,1,1,0,1,ITF,ITF5,17,Basilicata
2023-11-26,VDA,3,0,3,3,ITC,ITC2,2,Valle d'Aosta / Vallée d'Aoste
2024-04-16,LAZ,11,6,5,11,ITI,ITI4,12,Lazio
2023-12-31,SIC,6,2,4,6,ITG,ITG1,19,Sicilia
2024-03-12,MOL,2,0,2,2,ITF,ITF2,14,Molise
2024-02-08,BAS,9,5,4,9,ITF,ITF5,17,Basilicata
2024-04-08,CAM,2,1,1,2,ITF,ITF3,15,Campania
2024-05-20,SAR,1,0,1,1,ITG,ITG2,20,Sardegna
2024-02-24,CAM,2,2,0,2,ITF,ITF3,15,Campania
2024-03-08,MOL,3,1,2,3,ITF,ITF2,14,Molise
2024-05-06,PIE,5,0,5,5,ITC,ITC1,1,Piemonte
2024-02-25,PUG,1,1,0,1,ITF,ITF4,16,Puglia
2024-03-14,CAM,3,1,2,3,ITF,ITF3,15,Campania
2024-09-04,VEN,2,2,0,2,ITH,ITH3,5,Veneto
2024-08-12,VEN,1,1,0,1,ITH,ITH3,5,Veneto
2024-06-18,EMR,1,0,1,1,ITH,ITH5,8,Emilia-Romagna
2024-04-02,SIC,1,1,0,1,ITG,ITG1,19,Sicilia
2024-01-30,MOL,1,0,1,1,ITF,ITF2,14,Molise
2024-02-10,MOL,1,0,1,1,ITF,ITF2,14,Molise
2024-02-06,LIG,186,79,107,186,ITC,ITC3,7,Liguria
2023-12-09,CAL,44,26,18,44,ITF,ITF6,18,Calabria
2024-01-12,PUG,1077,540,537,1077,ITF,ITF4,16,Puglia
2023-12-08,BAS,26,15,11,26,ITF,ITF5,17,Basilicata
2024-04-16,PIE,2,1,1,2,ITC,ITC1,1,Piemonte
2024-02-13,CAM,26,10,16,26,ITF,ITF3,15,Campania
2024-02-14,PUG,43,21,22,43,ITF,ITF4,16,Puglia
2024-03-05,PIE,22,9,13,22,ITC,ITC1,1,Piemonte
2024-02-26,UMB,16,6,10,16,ITI,ITI2,10,Umbria
2024-01-26,LOM,1082,488,594,1082,ITC,ITC4,3,Lombardia
2024-02-08,PIE,100,41,59,100,ITC,ITC1,1,Piemonte
2024-02-09,SAR,92,44,48,92,ITG,ITG2,20,Sardegna
2024-01-19,PUG,668,320,348,668,ITF,ITF4,16,Puglia
2024-01-24,PIE,559,270,289,559,ITC,ITC1,1,Piemonte
2023-12-08,LAZ,332,168,164,332,ITI,ITI4,12,Lazio
2024-02-07,SAR,143,65,78,143,ITG,ITG2,20,Sardegna
2023-12-01,PAB,270,135,135,270,ITH,ITH1,4,Provincia Autonoma Bolzano / Bozen
2024-07-19,MAR,2,0,2,2,ITI,ITI3,11,Marche
2024-04-22,LIG,5,3,2,5,ITC,ITC3,7,Liguria
2024-01-20,ABR,19,9,10,19,ITF,ITF1,13,Abruzzo
2023-10-31,MAR,607,296,311,607,ITI,ITI3,11,Marche
2024-02-11,LOM,36,6,30,36,ITC,ITC4,3,Lombardia
2023-11-03,SIC,70,39,31,70,ITG,ITG1,19,Sicilia
2024-02-17,LOM,101,47,54,101,ITC,ITC4,3,Lombardia
2023-11-09,SAR,304,161,143,304,ITG,ITG2,20,Sardegna
2023-10-21,PUG,221,101,120,221,ITF,ITF4,16,Puglia
2023-11-21,VEN,3262,1591,1671,3262,ITH,ITH3,5,Veneto
2023-12-12,VEN,3624,1741,1883,3624,ITH,ITH3,5,Veneto
2023-12-13,PIE,3192,1489,1703,3192,ITC,ITC1,1,Piemonte
2023-10-17,VEN,164,61,103,164,ITH,ITH3,5,Veneto
2024-07-15,ABR,1,1,0,1,ITF,ITF1,13,Abruzzo
2024-07-17,CAM,1,0,1,1,ITF,ITF3,15,Campania
2023-10-12,PIE,105,50,55,105,ITC,ITC1,1,Piemonte
2024-05-23,EMR,12,6,6,12,ITH,ITH5,8,Emilia-Romagna
2023-12-16,PUG,634,319,315,634,ITF,ITF4,16,Puglia
2023-12-02,CAM,159,91,68,159,ITF,ITF3,15,Campania
2023-10-18,PAB,625,301,324,625,ITH,ITH1,4,Provincia Autonoma Bolzano / Bozen
2024-04-15,LIG,4,1,3,4,ITC,ITC3,7,Liguria
2023-11-23,VEN,3640,1857,1783,3640,ITH,ITH3,5,Veneto
2024-01-30,MAR,70,33,37,70,ITI,ITI3,11,Marche
2024-05-24,FVG,1,0,1,1,ITH,ITH4,6,Friuli-Venezia Giulia
2023-12-22,SAR,606,313,293,606,ITG,ITG2,20,Sardegna
2023-11-06,CAM,337,195,142,337,ITF,ITF3,15,Campania
2023-11-13,MAR,475,229,246,475,ITI,ITI3,11,Marche
2023-12-31,VEN,131,60,71,131,ITH,ITH3,5,Veneto
2024-07-15,PIE,6,4,2,6,ITC,ITC1,1,Piemonte
2024-02-28,CAL,6,1,5,6,ITF,ITF6,18,Calabria
2024-02-27,PUG,21,6,15,21,ITF,ITF4,16,Puglia
2024-04-04,EMR,4,3,1,4,ITH,ITH5,8,Emilia-Romagna
2023-10-05,FVG,29,11,18,29,ITH,ITH4,6,Friuli-Venezia Giulia
2023-12-13,ABR,599,310,289,599,ITF,ITF1,13,Abruzzo
2024-02-15,MAR,13,5,8,13,ITI,ITI3,11,Marche
2023-12-04,LAZ,2903,1375,1528,2903,ITI,ITI4,12,Lazio
2024-02-05,EMR,90,38,52,90,ITH,ITH5,8,Emilia-Romagna
2024-02-12,PIE,59,30,29,59,ITC,ITC1,1,Piemonte
2024-02-14,PAT,35,17,18,35,ITH,ITH2,4,Provincia Autonoma Trento
2024-06-26,EMR,6,4,2,6,ITH,ITH5,8,Emilia-Romagna
2023-12-12,PUG,2942,1482,1460,2942,ITF,ITF4,16,Puglia
2023-11-02,PIE,1549,750,799,1549,ITC,ITC1,1,Piemonte
2023-10-31,CAM,125,57,68,125,ITF,ITF3,15,Campania
2024-01-19,PAT,52,23,29,52,ITH,ITH2,4,Provincia Autonoma Trento
2023-12-13,VDA,104,41,63,104,ITC,ITC2,2,Valle d'Aosta / Vallée d'Aoste
2024-02-09,SIC,41,24,17,41,ITG,ITG1,19,Sicilia
2023-11-26,BAS,3,2,1,3,ITF,ITF5,17,Basilicata
2024-07-24,PIE,4,2,2,4,ITC,ITC1,1,Piemonte
2024-03-13,LAZ,17,8,9,17,ITI,ITI4,12,Lazio
2023-12-19,MAR,1024,513,511,1024,ITI,ITI3,11,Marche
2023-12-03,SIC,157,80,77,157,ITG,ITG1,19,Sicilia
2024-01-22,BAS,68,35,33,68,ITF,ITF5,17,Basilicata
2024-04-09,SAR,2,1,1,2,ITG,ITG2,20,Sardegna
2024-01-02,SIC,279,161,118,279,ITG,ITG1,19,Sicilia
2024-01-04,FVG,436,210,226,436,ITH,ITH4,6,Friuli-Venezia Giulia
2024-01-26,CAM,218,119,99,218,ITF,ITF3,15,Campania
2023-11-23,MAR,55,23,32,55,ITI,ITI3,11,Marche
2023-12-27,BAS,174,87,87,174,ITF,ITF5,17,Basilicata
2023-11-05,TOS,192,100,92,192,ITI,ITI1,9,Toscana
2024-04-26,UMB,2,0,2,2,ITI,ITI2,10,Umbria
2024-03-06,PAT,21,8,13,21,ITH,ITH2,4,Provincia Autonoma Trento
2023-12-20,SAR,1099,552,547,1099,ITG,ITG2,20,Sardegna
2024-01-20,VEN,256,117,139,256,ITH,ITH3,5,Veneto
2024-03-13,PIE,23,13,10,23,ITC,ITC1,1,Piemonte
2024-01-09,LOM,3248,1498,1750,3248,ITC,ITC4,3,Lombardia
2023-10-16,PIE,189,110,79,189,ITC,ITC1,1,Piemonte
2023-10-20,MOL,35,13,22,35,ITF,ITF2,14,Molise
2023-12-07,SAR,928,489,439,928,ITG,ITG2,20,Sardegna
2023-12-07,EMR,3703,1749,1954,3703,ITH,ITH5,8,Emilia-Romagna
2023-11-01,LIG,81,9,72,81,ITC,ITC3,7,Liguria
2023-10-09,TOS,490,257,233,490,ITI,ITI1,9,Toscana
2024-06-07,PIE,24,0,24,24,ITC,ITC1,1,Piemonte
2023-12-13,MOL,226,128,98,226,ITF,ITF2,14,Molise
2024-01-17,VDA,22,13,9,22,ITC,ITC2,2,Valle d'Aosta / Vallée d'Aoste
2024-01-29,LOM,469,207,262,469,ITC,ITC4,3,Lombardia
2023-12-13,PAB,212,92,120,212,ITH,ITH1,4,Provincia Autonoma Bolzano / Bozen
2023-10-06,LIG,61,21,40,61,ITC,ITC3,7,Liguria
2024-02-21,SAR,76,38,38,76,ITG,ITG2,20,Sardegna
2023-12-11,MOL,182,111,71,182,ITF,ITF2,14,Molise
2024-01-08,CAL,108,62,46,108,ITF,ITF6,18,Calabria
2023-11-20,SAR,401,207,194,401,ITG,ITG2,20,Sardegna
2023-10-24,SIC,85,50,35,85,ITG,ITG1,19,Sicilia
2023-12-22,PAB,31,15,16,31,ITH,ITH1,4,Provincia Autonoma Bolzano / Bozen
2024-04-02,CAL,1,1,0,1,ITF,ITF6,18,Calabria
2024-03-15,TOS,6,2,4,6,ITI,ITI1,9,Toscana
2024-02-12,VEN,78,29,49,78,ITH,ITH3,5,Veneto
2024-02-17,LAZ,23,10,13,23,ITI,ITI4,12,Lazio
2023-11-10,PUG,1942,1022,920,1942,ITF,ITF4,16,Puglia
2024-01-26,UMB,53,24,29,53,ITI,ITI2,10,Umbria
2023-12-13,VEN,4459,2210,2249,4459,ITH,ITH3,5,Veneto
2023-12-05,FVG,1111,520,591,1111,ITH,ITH4,6,Friuli-Venezia Giulia
2024-02-17,TOS,30,16,14,30,ITI,ITI1,9,Toscana
2024-02-02,CAM,52,24,28,52,ITF,ITF3,15,Campania
2023-11-17,VDA,162,74,88,162,ITC,ITC2,2,Valle d'Aosta / Vallée d'Aoste
2024-03-12,LAZ,65,17,48,65,ITI,ITI4,12,Lazio
2023-11-23,LAZ,2441,1264,1177,2441,ITI,ITI4,12,Lazio
2024-01-31,LAZ,480,208,272,480,ITI,ITI4,12,Lazio
2024-03-07,VEN,19,11,8,19,ITH,ITH3,5,Veneto
2023-10-31,TOS,2498,1117,1381,2498,ITI,ITI1,9,Toscana
2023-10-16,PUG,283,146,137,283,ITF,ITF4,16,Puglia
2023-11-25,ABR,78,36,42,78,ITF,ITF1,13,Abruzzo
2024-01-18,PUG,644,308,336,644,ITF,ITF4,16,Puglia
2024-02-03,CAM,13,7,6,13,ITF,ITF3,15,Campania
2024-01-29,UMB,29,15,14,29,ITI,ITI2,10,Umbria
2023-12-31,TOS,45,21,24,45,ITI,ITI1,9,Toscana
2024-01-13,CAM,143,70,73,143,ITF,ITF3,15,Campania
2024-02-16,CAM,70,45,25,70,ITF,ITF3,15,Campania
2023-12-18,MOL,238,128,110,238,ITF,ITF2,14,Molise
2024-07-05,TOS,5,4,1,5,ITI,ITI1,9,Toscana
2024-03-04,FVG,18,11,7,18,ITH,ITH4,6,Friuli-Venezia Giulia
2023-10-25,ABR,205,98,107,205,ITF,ITF1,13,Abruzzo
2023-12-08,EMR,146,59,87,146,ITH,ITH5,8,Emilia-Romagna
2023-11-07,VEN,1999,884,1115,1999,ITH,ITH3,5,Veneto
2023-12-28,LOM,5260,2502,2758,5260,ITC,ITC4,3,Lombardia
2024-02-28,SAR,46,22,24,46,ITG,ITG2,20,Sardegna
2023-12-20,BAS,590,301,289,590,ITF,ITF5,17,Basilicata
2024-02-26,EMR,31,19,12,31,ITH,ITH5,8,Emilia-Romagna
2024-02-28,EMR,49,24,25,49,ITH,ITH5,8,Emilia-Romagna
2023-12-04,VDA,16,7,9,16,ITC,ITC2,2,Valle d'Aosta / Vallée d'Aoste
2024-06-10,LAZ,2,1,1,2,ITI,ITI4,12,Lazio
2023-11-15,LIG,1036,523,513,1036,ITC,ITC3,7,Liguria
2024-04-03,LIG,9,4,5,9,ITC,ITC3,7,Liguria
2024-01-20,UMB,16,7,9,16,ITI,ITI2,10,Umbria
2023-10-15,PAB,8,4,4,8,ITH,ITH1,4,Provincia Autonoma Bolzano / Bozen
2024-05-24,PAB,1,1,0,1,ITH,ITH1,4,Provincia Autonoma Bolzano / Bozen
2024-01-05,PIE,1051,514,537,1051,ITC,ITC1,1,Piemonte
2024-03-11,TOS,13,6,7,13,ITI,ITI1,9,Toscana
2024-09-10,VEN,8,3,5,8,ITH,ITH3,5,Veneto
2024-08-22,SAR,2,1,1,2,ITG,ITG2,20,Sardegna
2024-04-04,FVG,4,1,3,4,ITH,ITH4,6,Friuli-Venezia Giulia
2024-09-11,LAZ,2,0,2,2,ITI,ITI4,12,Lazio
2023-12-25,PUG,4,1,3,4,ITF,ITF4,16,Puglia
2024-06-12,VEN,7,0,7,7,ITH,ITH3,5,Veneto
2024-07-10,VEN,5,1,4,5,ITH,ITH3,5,Veneto
2023-10-22,CAM,3,1,2,3,ITF,ITF3,15,Campania
2024-07-31,EMR,1,0,1,1,ITH,ITH5,8,Emilia-Romagna
2024-03-02,MAR,2,1,1,2,ITI,ITI3,11,Marche
2024-03-25,SAR,6,1,5,6,ITG,ITG2,20,Sardegna
2024-03-25,VEN,19,5,14,19,ITH,ITH3,5,Veneto
2024-02-22,MAR,5,2,3,5,ITI,ITI3,11,Marche
2024-04-12,LIG,2,1,1,2,ITC,ITC3,7,Liguria
2024-02-19,VDA,1,0,1,1,ITC,ITC2,2,Valle d'Aosta / Vallée d'Aoste
2024-06-05,VEN,7,2,5,7,ITH,ITH3,5,Veneto
2024-03-28,ABR,3,2,1,3,ITF,ITF1,13,Abruzzo
2024-05-28,PIE,1,0,1,1,ITC,ITC1,1,Piemonte
2024-08-22,LIG,2,1,1,2,ITC,ITC3,7,Liguria
2024-02-13,BAS,1,1,0,1,ITF,ITF5,17,Basilicata
2024-04-18,CAM,2,1,1,2,ITF,ITF3,15,Campania
2024-02-10,BAS,6,4,2,6,ITF,ITF5,17,Basilicata
2024-07-04,CAM,2,1,1,2,ITF,ITF3,15,Campania
2024-06-12,SAR,1,0,1,1,ITG,ITG2,20,Sardegna
2024-01-31,MAR,4,1,3,4,ITI,ITI3,11,Marche
2024-09-16,CAM,1,0,1,1,ITF,ITF3,15,Campania
2024-08-12,LIG,2,1,1,2,ITC,ITC3,7,Liguria
2024-06-20,LIG,1,0,1,1,ITC,ITC3,7,Liguria
2024-01-15,VDA,5,3,2,5,ITC,ITC2,2,Valle d'Aosta / Vallée d'Aoste
2024-07-25,CAM,1,0,1,1,ITF,ITF3,15,Campania
2023-11-20,MOL,102,59,43,102,ITF,ITF2,14,Molise
2024-03-20,SIC,7,6,1,7,ITG,ITG1,19,Sicilia
2024-02-08,EMR,114,45,69,114,ITH,ITH5,8,Emilia-Romagna
2024-04-02,LOM,15,8,7,15,ITC,ITC4,3,Lombardia
2023-11-30,TOS,7361,3467,3894,7361,ITI,ITI1,9,Toscana
2023-11-17,MAR,62,32,30,62,ITI,ITI3,11,Marche
2023-12-06,LAZ,4956,2344,2612,4956,ITI,ITI4,12,Lazio
2023-11-15,UMB,911,475,436,911,ITI,ITI2,10,Umbria
2024-02-16,CAL,15,7,8,15,ITF,ITF6,18,Calabria
2023-12-27,UMB,1695,917,778,1695,ITI,ITI2,10,Umbria
2023-12-28,PIE,2165,1043,1122,2165,ITC,ITC1,1,Piemonte
2024-01-05,CAL,124,71,53,124,ITF,ITF6,18,Calabria
2023-12-27,VEN,1164,557,607,1164,ITH,ITH3,5,Veneto
2023-10-27,LIG,615,256,359,615,ITC,ITC3,7,Liguria
2023-12-12,MAR,764,383,381,764,ITI,ITI3,11,Marche
2023-10-03,TOS,132,64,68,132,ITI,ITI1,9,Toscana
2024-01-28,PUG,35,10,25,35,ITF,ITF4,16,Puglia
2024-04-13,LOM,14,6,8,14,ITC,ITC4,3,Lombardia
2024-01-16,LIG,685,331,354,685,ITC,ITC3,7,Liguria
2024-01-12,LOM,3026,1377,1649,3026,ITC,ITC4,3,Lombardia
2023-12-15,EMR,6751,3380,3371,6751,ITH,ITH5,8,Emilia-Romagna
2024-04-06,LOM,4,1,3,4,ITC,ITC4,3,Lombardia
2023-12-13,LIG,1852,887,965,1852,ITC,ITC3,7,Liguria
2023-12-06,SAR,680,358,322,680,ITG,ITG2,20,Sardegna
2023-10-09,PIE,85,35,50,85,ITC,ITC1,1,Piemonte
2024-04-02,VEN,8,4,4,8,ITH,ITH3,5,Veneto
2023-12-28,MOL,62,35,27,62,ITF,ITF2,14,Molise
2023-12-05,VEN,4279,2097,2182,4279,ITH,ITH3,5,Veneto
2024-01-08,VEN,949,488,461,949,ITH,ITH3,5,Veneto
2024-02-01,CAM,63,35,28,63,ITF,ITF3,15,Campania
2023-10-12,LAZ,146,78,68,146,ITI,ITI4,12,Lazio
2024-02-01,LIG,185,76,109,185,ITC,ITC3,7,Liguria
2024-01-15,LIG,266,124,142,266,ITC,ITC3,7,Liguria
2023-11-25,CAL,29,12,17,29,ITF,ITF6,18,Calabria
2024-04-03,VEN,11,5,6,11,ITH,ITH3,5,Veneto
2023-11-07,FVG,1269,604,665,1269,ITH,ITH4,6,Friuli-Venezia Giulia
2023-12-21,ABR,690,381,309,690,ITF,ITF1,13,Abruzzo
2023-12-14,SAR,1113,591,522,1113,ITG,ITG2,20,Sardegna
2023-10-30,TOS,2473,1165,1308,2473,ITI,ITI1,9,Toscana
2024-02-24,LOM,79,34,45,79,ITC,ITC4,3,Lombardia
2024-01-05,PAT,54,32,22,54,ITH,ITH2,4,Provincia Autonoma Trento
2023-10-06,SAR,50,24,26,50,ITG,ITG2,20,Sardegna
2023-12-23,CAL,59,37,22,59,ITF,ITF6,18,Calabria
2024-06-27,UMB,2,1,1,2,ITI,ITI2,10,Umbria
2024-02-11,PIE,1,1,0,1,ITC,ITC1,1,Piemonte
2024-05-02,CAM,6,3,3,6,ITF,ITF3,15,Campania
2024-03-05,BAS,5,4,1,5,ITF,ITF5,17,Basilicata
2024-02-06,UMB,16,8,8,16,ITI,ITI2,10,Umbria
2023-12-20,PAT,400,187,213,400,ITH,ITH2,4,Provincia Autonoma Trento
2024-03-26,CAM,6,4,2,6,ITF,ITF3,15,Campania
2023-11-13,SIC,108,66,42,108,ITG,ITG1,19,Sicilia
2023-12-21,VDA,15,10,5,15,ITC,ITC2,2,Valle d'Aosta / Vallée d'Aoste
2024-02-06,LAZ,229,93,136,229,ITI,ITI4,12,Lazio
2024-03-05,LAZ,78,34,44,78,ITI,ITI4,12,Lazio
2023-11-30,LIG,1495,729,766,1495,ITC,ITC3,7,Liguria
2023-12-06,VDA,121,62,59,121,ITC,ITC2,2,Valle d'Aosta / Vallée d'Aoste
2024-03-12,VEN,16,7,9,16,ITH,ITH3,5,Veneto
2024-02-17,PIE,24,11,13,24,ITC,ITC1,1,Piemonte
2024-06-06,ABR,1,1,0,1,ITF,ITF1,13,Abruzzo
2024-06-26,CAM,2,1,1,2,ITF,ITF3,15,Campania
2024-02-05,PAB,1,0,1,1,ITH,ITH1,4,Provincia Autonoma Bolzano / Bozen
2024-05-21,LIG,3,2,1,3,ITC,ITC3,7,Liguria
2023-10-25,CAL,30,16,14,30,ITF,ITF6,18,Calabria
2024-07-01,CAM,1,0,1,1,ITF,ITF3,15,Campania
2024-03-21,LIG,8,5,3,8,ITC,ITC3,7,Liguria
2024-05-08,VEN,5,1,4,5,ITH,ITH3,5,Veneto
2024-02-29,PAT,3,2,1,3,ITH,ITH2,4,Provincia Autonoma Trento
2024-08-13,SAR,1,0,1,1,ITG,ITG2,20,Sardegna
2024-05-03,LAZ,4,3,1,4,ITI,ITI4,12,Lazio
2024-02-19,PAT,2,1,1,2,ITH,ITH2,4,Provincia Autonoma Trento
2023-12-25,VDA,1,1,0,1,ITC,ITC2,2,Valle d'Aosta / Vallée d'Aoste
2024-03-28,FVG,3,1,2,3,ITH,ITH4,6,Friuli-Venezia Giulia
2024-03-18,PAT,1,0,1,1,ITH,ITH2,4,Provincia Autonoma Trento
2024-01-05,SAR,517,286,231,517,ITG,ITG2,20,Sardegna
2023-11-16,PIE,3028,1424,1604,3028,ITC,ITC1,1,Piemonte
2023-12-21,MAR,1486,800,686,1486,ITI,ITI3,11,Marche
2023-10-19,CAL,24,13,11,24,ITF,ITF6,18,Calabria
2024-05-08,LAZ,9,4,5,9,ITI,ITI4,12,Lazio
2023-12-18,ABR,560,296,264,560,ITF,ITF1,13,Abruzzo
2024-04-17,PIE,10,7,3,10,ITC,ITC1,1,Piemonte
2023-12-16,VDA,72,36,36,72,ITC,ITC2,2,Valle d'Aosta / Vallée d'Aoste
2023-10-27,PAB,354,172,182,354,ITH,ITH1,4,Provincia Autonoma Bolzano / Bozen
2024-01-24,PAT,46,17,29,46,ITH,ITH2,4,Provincia Autonoma Trento
2024-03-09,LAZ,3,1,2,3,ITI,ITI4,12,Lazio
2024-01-23,PIE,496,235,261,496,ITC,ITC1,1,Piemonte
2024-03-20,BAS,3,1,2,3,ITF,ITF5,17,Basilicata
2023-12-08,TOS,21,7,14,21,ITI,ITI1,9,Toscana
2024-01-11,CAM,571,320,251,571,ITF,ITF3,15,Campania
2023-11-06,LIG,516,248,268,516,ITC,ITC3,7,Liguria
2023-12-12,PAT,630,286,344,630,ITH,ITH2,4,Provincia Autonoma Trento
2024-02-29,LAZ,37,18,19,37,ITI,ITI4,12,Lazio
2023-11-11,CAM,95,58,37,95,ITF,ITF3,15,Campania
2023-12-26,CAM,3,1,2,3,ITF,ITF3,15,Campania
2023-11-13,CAL,93,49,44,93,ITF,ITF6,18,Calabria
2023-10-20,PIE,831,421,410,831,ITC,ITC1,1,Piemonte
2024-07-10,PIE,5,3,2,5,ITC,ITC1,1,Piemonte
2023-10-24,MOL,36,12,24,36,ITF,ITF2,14,Molise
2024-02-15,LIG,56,20,36,56,ITC,ITC3,7,Liguria
2023-11-12,ABR,28,15,13,28,ITF,ITF1,13,Abruzzo
2024-03-04,EMR,13,7,6,13,ITH,ITH5,8,Emilia-Romagna
2023-12-01,UMB,915,445,470,915,ITI,ITI2,10,Umbria
2023-11-15,BAS,32,17,15,32,ITF,ITF5,17,Basilicata
2023-10-17,PUG,262,148,114,262,ITF,ITF4,16,Puglia
2024-03-05,PUG,17,7,10,17,ITF,ITF4,16,Puglia
2024-09-13,VEN,16,10,6,16,ITH,ITH3,5,Veneto
2024-02-15,CAM,19,10,9,19,ITF,ITF3,15,Campania
2023-11-08,ABR,215,100,115,215,ITF,ITF1,13,Abruzzo
2024-03-27,LOM,91,75,16,91,ITC,ITC4,3,Lombardia
2023-12-19,CAM,1962,1032,930,1962,ITF,ITF3,15,Campania
2024-04-24,SIC,3,0,3,3,ITG,ITG1,19,Sicilia
2023-11-14,LOM,10469,4756,5713,10469,ITC,ITC4,3,Lombardia
2023-11-22,MAR,62,25,37,62,ITI,ITI3,11,Marche
2023-10-18,LAZ,494,255,239,494,ITI,ITI4,12,Lazio
2023-11-25,SIC,45,25,20,45,ITG,ITG1,19,Sicilia
2023-12-30,LIG,435,224,211,435,ITC,ITC3,7,Liguria
2024-01-10,PIE,1228,581,647,1228,ITC,ITC1,1,Piemonte
2024-04-19,VEN,34,20,14,34,ITH,ITH3,5,Veneto
2023-12-05,SIC,599,322,277,599,ITG,ITG1,19,Sicilia
2024-01-01,EMR,20,10,10,20,ITH,ITH5,8,Emilia-Romagna
2024-03-01,PIE,45,19,26,45,ITC,ITC1,1,Piemonte
2023-11-20,EMR,3952,1886,2066,3952,ITH,ITH5,8,Emilia-Romagna
2023-11-12,PIE,55,26,29,55,ITC,ITC1,1,Piemonte
2024-02-26,FVG,17,9,8,17,ITH,ITH4,6,Friuli-Venezia Giulia
2024-01-26,EMR,463,212,251,463,ITH,ITH5,8,Emilia-Romagna
2023-10-16,VEN,159,73,86,159,ITH,ITH3,5,Veneto
2024-03-24,VEN,6,0,6,6,ITH,ITH3,5,Veneto
2024-02-23,MAR,3,2,1,3,ITI,ITI3,11,Marche
2024-01-24,PUG,316,139,177,316,ITF,ITF4,16,Puglia
2024-02-19,SIC,31,17,14,31,ITG,ITG1,19,Sicilia
2024-02-12,ABR,13,6,7,13,ITF,ITF1,13,Abruzzo
2023-11-20,BAS,15,9,6,15,ITF,ITF5,17,Basilicata
2023-11-10,PIE,3359,1627,1732,3359,ITC,ITC1,1,Piemonte
2024-01-20,PIE,274,134,140,274,ITC,ITC1,1,Piemonte
2024-01-18,PIE,988,474,514,988,ITC,ITC1,1,Piemonte
2023-12-16,PAT,1281,610,671,1281,ITH,ITH2,4,Provincia Autonoma Trento
2024-02-10,CAL,5,2,3,5,ITF,ITF6,18,Calabria
2023-12-27,LAZ,2249,1111,1138,2249,ITI,ITI4,12,Lazio
2023-12-05,TOS,4311,1983,2328,4311,ITI,ITI1,9,Toscana
2023-10-21,PAT,65,35,30,65,ITH,ITH2,4,Provincia Autonoma Trento
2024-09-04,LAZ,5,1,4,5,ITI,ITI4,12,Lazio
2024-03-27,CAM,1,0,1,1,ITF,ITF3,15,Campania
2024-03-21,PIE,2,1,1,2,ITC,ITC1,1,Piemonte
2024-06-20,PUG,1,1,0,1,ITF,ITF4,16,Puglia
2024-05-03,PIE,11,8,3,11,ITC,ITC1,1,Piemonte
2024-05-30,SAR,2,1,1,2,ITG,ITG2,20,Sardegna
2024-08-08,TOS,3,2,1,3,ITI,ITI1,9,Toscana
2024-02-01,VDA,1,1,0,1,ITC,ITC2,2,Valle d'Aosta / Vallée d'Aoste
2024-08-01,FVG,2,1,1,2,ITH,ITH4,6,Friuli-Venezia Giulia
2024-05-22,LIG,5,2,3,5,ITC,ITC3,7,Liguria
2023-12-24,PIE,11,4,7,11,ITC,ITC1,1,Piemonte
2024-02-04,EMR,4,1,3,4,ITH,ITH5,8,Emilia-Romagna
2024-02-16,MOL,3,2,1,3,ITF,ITF2,14,Molise
2024-07-09,PUG,2,2,0,2,ITF,ITF4,16,Puglia
2024-04-03,PUG,2,2,0,2,ITF,ITF4,16,Puglia
2024-01-11,MOL,7,2,5,7,ITF,ITF2,14,Molise
2024-04-04,BAS,2,2,0,2,ITF,ITF5,17,Basilicata
2024-01-07,PIE,4,1,3,4,ITC,ITC1,1,Piemonte
2024-03-22,BAS,2,1,1,2,ITF,ITF5,17,Basilicata
2024-04-03,PAT,1,0,1,1,ITH,ITH2,4,Provincia Autonoma Trento
2023-12-31,PUG,1,0,1,1,ITF,ITF4,16,Puglia
2024-05-17,LIG,1,0,1,1,ITC,ITC3,7,Liguria
2024-01-14,FVG,2,1,1,2,ITH,ITH4,6,Friuli-Venezia Giulia
2024-05-10,PAT,1,1,0,1,ITH,ITH2,4,Provincia Autonoma Trento
2024-06-27,TOS,6,2,4,6,ITI,ITI1,9,Toscana
2024-06-12,ABR,1,0,1,1,ITF,ITF1,13,Abruzzo
2023-12-24,ABR,1,1,0,1,ITF,ITF1,13,Abruzzo
2024-07-30,FVG,1,0,1,1,ITH,ITH4,6,Friuli-Venezia Giulia
2024-04-27,LIG,1,0,1,1,ITC,ITC3,7,Liguria
2024-03-16,UMB,1,0,1,1,ITI,ITI2,10,Umbria
2024-05-17,TOS,7,1,6,7,ITI,ITI1,9,Toscana
2024-01-12,CAL,143,88,55,143,ITF,ITF6,18,Calabria
2024-01-14,EMR,52,22,30,52,ITH,ITH5,8,Emilia-Romagna
2023-12-09,LIG,310,156,154,310,ITC,ITC3,7,Liguria
2024-02-23,PAB,11,3,8,11,ITH,ITH1,4,Provincia Autonoma Bolzano / Bozen
2024-02-07,SIC,68,30,38,68,ITG,ITG1,19,Sicilia
2024-02-05,LAZ,217,90,127,217,ITI,ITI4,12,Lazio
2024-01-04,PUG,1085,545,540,1085,ITF,ITF4,16,Puglia
2023-12-12,UMB,882,460,422,882,ITI,ITI2,10,Umbria
2024-02-14,FVG,51,21,30,51,ITH,ITH4,6,Friuli-Venezia Giulia
2024-02-06,TOS,84,33,51,84,ITI,ITI1,9,Toscana
2024-01-19,BAS,99,51,48,99,ITF,ITF5,17,Basilicata
2023-10-27,ABR,145,69,76,145,ITF,ITF1,13,Abruzzo
2023-12-18,FVG,782,358,424,782,ITH,ITH4,6,Friuli-Venezia Giulia
2023-10-23,LOM,7555,3752,3803,7555,ITC,ITC4,3,Lombardia
2023-10-06,PIE,31,18,13,31,ITC,ITC1,1,Piemonte
2023-12-30,UMB,31,13,18,31,ITI,ITI2,10,Umbria
2024-03-20,VEN,29,9,20,29,ITH,ITH3,5,Veneto
2023-10-11,LIG,53,14,39,53,ITC,ITC3,7,Liguria
2024-02-22,VEN,40,20,20,40,ITH,ITH3,5,Veneto
2024-01-10,VDA,61,31,30,61,ITC,ITC2,2,Valle d'Aosta / Vallée d'Aoste
2023-10-26,VEN,1015,470,545,1015,ITH,ITH3,5,Veneto
2023-10-19,EMR,1951,969,982,1951,ITH,ITH5,8,Emilia-Romagna
2023-11-22,PIE,3065,1445,1620,3065,ITC,ITC1,1,Piemonte
2023-11-15,CAM,427,243,184,427,ITF,ITF3,15,Campania
2024-06-11,PAT,7,2,5,7,ITH,ITH2,4,Provincia Autonoma Trento
2024-03-08,LAZ,16,8,8,16,ITI,ITI4,12,Lazio
2023-11-15,PAT,545,277,268,545,ITH,ITH2,4,Provincia Autonoma Trento
2024-07-20,LAZ,7,4,3,7,ITI,ITI4,12,Lazio
2024-01-31,VEN,151,67,84,151,ITH,ITH3,5,Veneto
2023-11-20,PUG,1188,611,577,1188,ITF,ITF4,16,Puglia
2023-10-05,LAZ,47,24,23,47,ITI,ITI4,12,Lazio
2023-11-26,PUG,43,22,21,43,ITF,ITF4,16,Puglia
2023-10-06,PUG,13,8,5,13,ITF,ITF4,16,Puglia
2023-12-17,MAR,47,25,22,47,ITI,ITI3,11,Marche
2023-12-05,LIG,1822,871,951,1822,ITC,ITC3,7,Liguria
2023-10-13,VDA,77,35,42,77,ITC,ITC2,2,Valle d'Aosta / Vallée d'Aoste
2024-01-04,PAT,96,45,51,96,ITH,ITH2,4,Provincia Autonoma Trento
2024-01-27,EMR,104,42,62,104,ITH,ITH5,8,Emilia-Romagna
2024-03-12,LOM,68,28,40,68,ITC,ITC4,3,Lombardia
2024-01-05,VDA,5,1,4,5,ITC,ITC2,2,Valle d'Aosta / Vallée d'Aoste
2024-09-11,EMR,4,2,2,4,ITH,ITH5,8,Emilia-Romagna
2024-07-30,PUG,1,1,0,1,ITF,ITF4,16,Puglia
2024-01-23,BAS,95,50,45,95,ITF,ITF5,17,Basilicata
2023-10-21,FVG,102,44,58,102,ITH,ITH4,6,Friuli-Venezia Giulia
2023-11-26,TOS,139,68,71,139,ITI,ITI1,9,Toscana
2024-07-20,TOS,10,6,4,10,ITI,ITI1,9,Toscana
2023-11-08,MOL,111,65,46,111,ITF,ITF2,14,Molise
2023-11-03,PIE,2434,1210,1224,2434,ITC,ITC1,1,Piemonte
2024-08-07,SAR,7,3,4,7,ITG,ITG2,20,Sardegna
2024-02-23,UMB,4,2,2,4,ITI,ITI2,10,Umbria
2023-11-03,ABR,224,107,117,224,ITF,ITF1,13,Abruzzo
2023-11-20,PAT,418,192,226,418,ITH,ITH2,4,Provincia Autonoma Trento
2024-01-10,SIC,544,297,247,544,ITG,ITG1,19,Sicilia
2023-12-07,LOM,8336,4033,4303,8336,ITC,ITC4,3,Lombardia
2024-01-01,PUG,1,1,0,1,ITF,ITF4,16,Puglia
2023-10-30,ABR,148,76,72,148,ITF,ITF1,13,Abruzzo
2024-03-26,LOM,90,35,55,90,ITC,ITC4,3,Lombardia
2024-01-04,TOS,1336,623,713,1336,ITI,ITI1,9,Toscana
2023-11-15,PUG,2134,1058,1076,2134,ITF,ITF4,16,Puglia
2024-02-22,LOM,189,76,113,189,ITC,ITC4,3,Lombardia
2023-11-24,LOM,10935,5101,5834,10935,ITC,ITC4,3,Lombardia
2024-01-31,PAB,34,10,24,34,ITH,ITH1,4,Provincia Autonoma Bolzano / Bozen
2023-12-21,PIE,3969,1948,2021,3969,ITC,ITC1,1,Piemonte
2023-12-06,PIE,3063,1446,1617,3063,ITC,ITC1,1,Piemonte
2023-10-14,LOM,9,3,6,9,ITC,ITC4,3,Lombardia
2023-11-16,BAS,37,17,20,37,ITF,ITF5,17,Basilicata
2024-02-10,LAZ,20,6,14,20,ITI,ITI4,12,Lazio
2023-10-09,MAR,6,1,5,6,ITI,ITI3,11,Marche
2023-12-14,MOL,190,102,88,190,ITF,ITF2,14,Molise
2023-11-23,UMB,827,400,427,827,ITI,ITI2,10,Umbria
2023-12-16,BAS,181,94,87,181,ITF,ITF5,17,Basilicata
2024-04-12,VEN,6,4,2,6,ITH,ITH3,5,Veneto
2023-11-23,PAT,579,264,315,579,ITH,ITH2,4,Provincia Autonoma Trento
2024-01-09,UMB,211,103,108,211,ITI,ITI2,10,Umbria
2024-02-12,UMB,8,4,4,8,ITI,ITI2,10,Umbria
2023-10-04,CAM,30,20,10,30,ITF,ITF3,15,Campania
2023-12-02,LOM,6137,3043,3094,6137,ITC,ITC4,3,Lombardia
2023-12-04,MOL,168,99,69,168,ITF,ITF2,14,Molise
2023-12-19,LOM,10785,5297,5488,10785,ITC,ITC4,3,Lombardia
2023-10-14,LAZ,13,8,5,13,ITI,ITI4,12,Lazio
2023-12-17,LOM,1012,492,520,1012,ITC,ITC4,3,Lombardia
2024-03-06,VEN,34,15,19,34,ITH,ITH3,5,Veneto
2024-02-25,LOM,2,2,0,2,ITC,ITC4,3,Lombardia
2023-10-17,PAT,213,69,144,213,ITH,ITH2,4,Provincia Autonoma Trento
2024-05-31,PIE,9,3,6,9,ITC,ITC1,1,Piemonte
2023-12-19,LIG,2199,1070,1129,2199,ITC,ITC3,7,Liguria
2023-12-27,TOS,1740,840,900,1740,ITI,ITI1,9,Toscana
2024-08-23,EMR,47,27,20,47,ITH,ITH5,8,Emilia-Romagna
2024-01-06,VEN,6,4,2,6,ITH,ITH3,5,Veneto
2023-11-11,LOM,6041,2882,3159,6041,ITC,ITC4,3,Lombardia
2023-11-07,SIC,99,56,43,99,ITG,ITG1,19,Sicilia
2024-01-09,PAB,24,9,15,24,ITH,ITH1,4,Provincia Autonoma Bolzano / Bozen
2023-11-23,PUG,2047,1001,1046,2047,ITF,ITF4,16,Puglia
2023-12-11,VEN,2638,1331,1307,2638,ITH,ITH3,5,Veneto
2023-10-25,SIC,42,26,16,42,ITG,ITG1,19,Sicilia
2023-10-31,LOM,4731,2165,2566,4731,ITC,ITC4,3,Lombardia
2024-03-06,LOM,103,42,61,103,ITC,ITC4,3,Lombardia
2024-03-07,CAM,9,2,7,9,ITF,ITF3,15,Campania
2024-02-23,CAM,32,14,18,32,ITF,ITF3,15,Campania
2023-10-31,LIG,1070,481,589,1070,ITC,ITC3,7,Liguria
2024-03-09,TOS,18,8,10,18,ITI,ITI1,9,Toscana
2023-11-18,CAM,83,40,43,83,ITF,ITF3,15,Campania
2024-02-16,VEN,164,65,99,164,ITH,ITH3,5,Veneto
2024-01-21,LOM,27,14,13,27,ITC,ITC4,3,Lombardia
2023-10-28,PIE,880,440,440,880,ITC,ITC1,1,Piemonte
2023-11-21,MAR,672,323,349,672,ITI,ITI3,11,Marche
2024-06-11,LIG,8,1,7,8,ITC,ITC3,7,Liguria
2024-07-04,PAT,2,1,1,2,ITH,ITH2,4,Provincia Autonoma Trento
2023-10-15,LOM,3,2,1,3,ITC,ITC4,3,Lombardia
2024-03-15,SAR,8,3,5,8,ITG,ITG2,20,Sardegna
2024-01-01,BAS,6,3,3,6,ITF,ITF5,17,Basilicata
2024-01-16,PAB,19,11,8,19,ITH,ITH1,4,Provincia Autonoma Bolzano / Bozen
2024-06-07,CAM,1,1,0,1,ITF,ITF3,15,Campania
2024-08-08,SAR,4,3,1,4,ITG,ITG2,20,Sardegna
2023-10-18,UMB,18,9,9,18,ITI,ITI2,10,Umbria
2024-03-25,SIC,3,1,2,3,ITG,ITG1,19,Sicilia
2024-06-17,PIE,1,1,0,1,ITC,ITC1,1,Piemonte
2024-02-03,TOS,8,3,5,8,ITI,ITI1,9,Toscana
2024-03-01,ABR,1,1,0,1,ITF,ITF1,13,Abruzzo
2024-03-18,SIC,8,4,4,8,ITG,ITG1,19,Sicilia
2024-07-04,PUG,1,1,0,1,ITF,ITF4,16,Puglia
2024-03-05,PAT,3,1,2,3,ITH,ITH2,4,Provincia Autonoma Trento
2024-06-06,LIG,1,0,1,1,ITC,ITC3,7,Liguria
2024-01-30,VDA,1,1,0,1,ITC,ITC2,2,Valle d'Aosta / Vallée d'Aoste
2024-08-27,LAZ,1,0,1,1,ITI,ITI4,12,Lazio
2024-08-21,SAR,1,1,0,1,ITG,ITG2,20,Sardegna
2023-10-29,PAB,1,0,1,1,ITH,ITH1,4,Provincia Autonoma Bolzano / Bozen
2024-05-03,PUG,1,0,1,1,ITF,ITF4,16,Puglia
2024-04-11,MAR,1,0,1,1,ITI,ITI3,11,Marche
2024-09-06,VEN,1,1,0,1,ITH,ITH3,5,Veneto
2023-11-20,VDA,50,27,23,50,ITC,ITC2,2,Valle d'Aosta / Vallée d'Aoste
2024-01-31,UMB,164,81,83,164,ITI,ITI2,10,Umbria
2023-10-02,ABR,2,2,0,2,ITF,ITF1,13,Abruzzo
2024-02-06,SIC,95,42,53,95,ITG,ITG1,19,Sicilia
2023-12-02,EMR,1670,791,879,1670,ITH,ITH5,8,Emilia-Romagna
2023-12-14,LOM,11215,5392,5823,11215,ITC,ITC4,3,Lombardia
2024-01-22,SAR,308,142,166,308,ITG,ITG2,20,Sardegna
2024-03-20,PUG,7,1,6,7,ITF,ITF4,16,Puglia
2023-11-20,FVG,1105,561,544,1105,ITH,ITH4,6,Friuli-Venezia Giulia
2023-12-21,PAT,327,151,176,327,ITH,ITH2,4,Provincia Autonoma Trento
2024-01-01,FVG,1,1,0,1,ITH,ITH4,6,Friuli-Venezia Giulia
2024-03-27,LAZ,38,18,20,38,ITI,ITI4,12,Lazio
2024-02-05,TOS,75,38,37,75,ITI,ITI1,9,Toscana
2023-12-10,BAS,9,5,4,9,ITF,ITF5,17,Basilicata
2023-11-30,SAR,936,476,460,936,ITG,ITG2,20,Sardegna
2023-11-08,VEN,2436,1175,1261,2436,ITH,ITH3,5,Veneto
2023-11-28,BAS,157,94,63,157,ITF,ITF5,17,Basilicata
2023-12-06,CAM,1096,603,493,1096,ITF,ITF3,15,Campania
2023-10-26,LOM,10031,4773,5258,10031,ITC,ITC4,3,Lombardia
2023-12-06,PAT,413,189,224,413,ITH,ITH2,4,Provincia Autonoma Trento
2023-11-01,FVG,23,10,13,23,ITH,ITH4,6,Friuli-Venezia Giulia
2024-03-12,FVG,22,9,13,22,ITH,ITH4,6,Friuli-Venezia Giulia
2023-11-13,LAZ,1763,922,841,1763,ITI,ITI4,12,Lazio
2024-01-19,EMR,831,376,455,831,ITH,ITH5,8,Emilia-Romagna
2023-12-31,EMR,123,60,63,123,ITH,ITH5,8,Emilia-Romagna
2024-07-08,FVG,2,2,0,2,ITH,ITH4,6,Friuli-Venezia Giulia
2023-12-23,VEN,1512,822,690,1512,ITH,ITH3,5,Veneto
2024-06-18,PIE,8,4,4,8,ITC,ITC1,1,Piemonte
2024-03-04,LAZ,40,18,22,40,ITI,ITI4,12,Lazio
2024-01-12,BAS,136,64,72,136,ITF,ITF5,17,Basilicata
2024-02-01,SAR,269,131,138,269,ITG,ITG2,20,Sardegna
2023-12-30,BAS,105,56,49,105,ITF,ITF5,17,Basilicata
2024-01-07,LOM,72,45,27,72,ITC,ITC4,3,Lombardia
2023-12-20,VDA,97,54,43,97,ITC,ITC2,2,Valle d'Aosta / Vallée d'Aoste
2024-01-02,MAR,102,46,56,102,ITI,ITI3,11,Marche
2024-02-26,TOS,51,20,31,51,ITI,ITI1,9,Toscana
2024-04-23,LOM,68,19,49,68,ITC,ITC4,3,Lombardia
2023-11-17,BAS,15,9,6,15,ITF,ITF5,17,Basilicata
2024-03-20,PAT,13,5,8,13,ITH,ITH2,4,Provincia Autonoma Trento
2024-04-18,LIG,5,3,2,5,ITC,ITC3,7,Liguria
2024-02-20,VEN,42,15,27,42,ITH,ITH3,5,Veneto
2023-12-21,PUG,3891,2048,1843,3891,ITF,ITF4,16,Puglia
2023-10-24,ABR,181,97,84,181,ITF,ITF1,13,Abruzzo
2024-01-08,LIG,148,67,81,148,ITC,ITC3,7,Liguria
2023-12-29,BAS,221,110,111,221,ITF,ITF5,17,Basilicata
2023-12-12,BAS,378,214,164,378,ITF,ITF5,17,Basilicata
2023-10-24,SAR,193,86,107,193,ITG,ITG2,20,Sardegna
2024-02-03,LIG,13,5,8,13,ITC,ITC3,7,Liguria
2024-01-30,LAZ,505,269,236,505,ITI,ITI4,12,Lazio
2023-11-30,PIE,3366,1603,1763,3366,ITC,ITC1,1,Piemonte
2023-11-29,MAR,55,27,28,55,ITI,ITI3,11,Marche
2024-01-28,PIE,13,8,5,13,ITC,ITC1,1,Piemonte
2024-06-06,LAZ,4,1,3,4,ITI,ITI4,12,Lazio
2024-04-26,PUG,6,1,5,6,ITF,ITF4,16,Puglia
2024-08-22,FVG,2,2,0,2,ITH,ITH4,6,Friuli-Venezia Giulia
2024-02-26,PUG,51,13,38,51,ITF,ITF4,16,Puglia
2024-01-03,VDA,75,38,37,75,ITC,ITC2,2,Valle d'Aosta / Vallée d'Aoste
2023-12-01,ABR,399,210,189,399,ITF,ITF1,13,Abruzzo
2024-04-11,SAR,6,2,4,6,ITG,ITG2,20,Sardegna
2024-03-14,SAR,33,19,14,33,ITG,ITG2,20,Sardegna
2024-04-06,BAS,12,8,4,12,ITF,ITF5,17,Basilicata
2024-02-27,MAR,3,1,2,3,ITI,ITI3,11,Marche
2024-04-23,VEN,2,1,1,2,ITH,ITH3,5,Veneto
2024-05-08,CAM,1,0,1,1,ITF,ITF3,15,Campania
2024-01-01,CAM,3,3,0,3,ITF,ITF3,15,Campania
2024-07-16,VDA,1,0,1,1,ITC,ITC2,2,Valle d'Aosta / Vallée d'Aoste
2024-04-22,TOS,1,1,0,1,ITI,ITI1,9,Toscana
2024-05-13,FVG,2,1,1,2,ITH,ITH4,6,Friuli-Venezia Giulia
2024-02-07,VDA,8,4,4,8,ITC,ITC2,2,Valle d'Aosta / Vallée d'Aoste
2024-01-06,ABR,2,1,1,2,ITF,ITF1,13,Abruzzo
2024-04-02,LAZ,4,1,3,4,ITI,ITI4,12,Lazio
2024-08-07,PIE,4,2,2,4,ITC,ITC1,1,Piemonte
2024-06-11,PUG,2,1,1,2,ITF,ITF4,16,Puglia
2024-06-13,EMR,3,2,1,3,ITH,ITH5,8,Emilia-Romagna
2024-04-29,LAZ,3,0,3,3,ITI,ITI4,12,Lazio
2024-05-27,SIC,1,1,0,1,ITG,ITG1,19,Sicilia
2024-08-06,PIE,2,1,1,2,ITC,ITC1,1,Piemonte
2024-04-15,TOS,5,3,2,5,ITI,ITI1,9,Toscana
2024-08-02,SAR,1,0,1,1,ITG,ITG2,20,Sardegna
2024-02-29,FVG,14,6,8,14,ITH,ITH4,6,Friuli-Venezia Giulia
2023-12-10,UMB,2,0,2,2,ITI,ITI2,10,Umbria
2024-06-19,SAR,1,0,1,1,ITG,ITG2,20,Sardegna
2024-02-14,CAL,4,1,3,4,ITF,ITF6,18,Calabria
2023-09-28,TOS,1,0,1,1,ITI,ITI1,9,Toscana
2024-01-20,PUG,94,37,57,94,ITF,ITF4,16,Puglia
2024-01-11,FVG,574,273,301,574,ITH,ITH4,6,Friuli-Venezia Giulia
2023-11-22,CAL,224,120,104,224,ITF,ITF6,18,Calabria
2024-01-12,ABR,157,82,75,157,ITF,ITF1,13,Abruzzo
2024-01-29,PUG,95,49,46,95,ITF,ITF4,16,Puglia
2023-11-29,TOS,6325,2970,3355,6325,ITI,ITI1,9,Toscana
2024-01-02,LAZ,1349,627,722,1349,ITI,ITI4,12,Lazio
2023-11-21,FVG,1196,577,619,1196,ITH,ITH4,6,Friuli-Venezia Giulia
2023-12-22,PAT,357,179,178,357,ITH,ITH2,4,Provincia Autonoma Trento
2023-10-19,SIC,42,25,17,42,ITG,ITG1,19,Sicilia
2024-02-23,LIG,8,6,2,8,ITC,ITC3,7,Liguria
2024-07-15,TOS,3,2,1,3,ITI,ITI1,9,Toscana
2023-12-09,PAB,6,2,4,6,ITH,ITH1,4,Provincia Autonoma Bolzano / Bozen
2024-01-15,UMB,113,55,58,113,ITI,ITI2,10,Umbria
2023-10-11,PAB,474,257,217,474,ITH,ITH1,4,Provincia Autonoma Bolzano / Bozen
2023-12-13,PAT,444,212,232,444,ITH,ITH2,4,Provincia Autonoma Trento
2024-02-12,LAZ,141,62,79,141,ITI,ITI4,12,Lazio
2023-11-17,PIE,3139,1512,1627,3139,ITC,ITC1,1,Piemonte
2024-08-20,SAR,1,0,1,1,ITG,ITG2,20,Sardegna
2024-08-19,VEN,1,0,1,1,ITH,ITH3,5,Veneto
2024-01-20,TOS,77,33,44,77,ITI,ITI1,9,Toscana
2023-10-19,VEN,209,86,123,209,ITH,ITH3,5,Veneto
2024-03-20,EMR,34,12,22,34,ITH,ITH5,8,Emilia-Romagna
2023-11-17,SAR,492,243,249,492,ITG,ITG2,20,Sardegna
2024-01-12,SAR,754,384,370,754,ITG,ITG2,20,Sardegna
2023-12-29,SAR,352,170,182,352,ITG,ITG2,20,Sardegna
2023-12-24,PUG,37,23,14,37,ITF,ITF4,16,Puglia
2024-04-20,LOM,6,4,2,6,ITC,ITC4,3,Lombardia
2023-10-20,CAM,191,104,87,191,ITF,ITF3,15,Campania
2024-01-18,LIG,600,265,335,600,ITC,ITC3,7,Liguria
2023-10-10,SAR,54,32,22,54,ITG,ITG2,20,Sardegna
2024-08-30,CAL,1,1,0,1,ITF,ITF6,18,Calabria
2024-08-01,VEN,2,1,1,2,ITH,ITH3,5,Veneto
2024-05-10,PIE,7,6,1,7,ITC,ITC1,1,Piemonte
2023-10-23,SAR,128,69,59,128,ITG,ITG2,20,Sardegna
2023-12-11,PAT,652,319,333,652,ITH,ITH2,4,Provincia Autonoma Trento
2024-01-27,VEN,109,49,60,109,ITH,ITH3,5,Veneto
2023-12-01,FVG,1055,487,568,1055,ITH,ITH4,6,Friuli-Venezia Giulia
2023-10-04,LOM,287,138,149,287,ITC,ITC4,3,Lombardia
2024-01-14,VEN,18,8,10,18,ITH,ITH3,5,Veneto
2023-10-31,SAR,183,81,102,183,ITG,ITG2,20,Sardegna
2023-10-07,TOS,241,137,104,241,ITI,ITI1,9,Toscana
2023-12-06,BAS,195,100,95,195,ITF,ITF5,17,Basilicata
2023-12-06,CAL,355,205,150,355,ITF,ITF6,18,Calabria
2024-01-11,LOM,2928,1335,1593,2928,ITC,ITC4,3,Lombardia
2023-10-04,FVG,43,24,19,43,ITH,ITH4,6,Friuli-Venezia Giulia
2023-10-17,FVG,396,203,193,396,ITH,ITH4,6,Friuli-Venezia Giulia
2023-11-21,CAL,341,192,149,341,ITF,ITF6,18,Calabria
2023-10-27,UMB,390,193,197,390,ITI,ITI2,10,Umbria
2024-01-17,SAR,611,313,298,611,ITG,ITG2,20,Sardegna
2023-10-20,PAT,347,161,186,347,ITH,ITH2,4,Provincia Autonoma Trento
2024-05-24,VEN,1,0,1,1,ITH,ITH3,5,Veneto
2024-04-23,EMR,4,2,2,4,ITH,ITH5,8,Emilia-Romagna
2023-10-30,LOM,8290,3965,4325,8290,ITC,ITC4,3,Lombardia
2024-03-06,LAZ,34,14,20,34,ITI,ITI4,12,Lazio
2024-01-29,TOS,237,111,126,237,ITI,ITI1,9,Toscana
2023-10-02,LOM,145,63,82,145,ITC,ITC4,3,Lombardia
2023-12-09,UMB,157,84,73,157,ITI,ITI2,10,Umbria
2023-10-18,MOL,27,14,13,27,ITF,ITF2,14,Molise
2023-12-13,PUG,3526,1796,1730,3526,ITF,ITF4,16,Puglia
2024-03-18,UMB,7,4,3,7,ITI,ITI2,10,Umbria
2024-08-05,LAZ,8,3,5,8,ITI,ITI4,12,Lazio
2023-12-03,LAZ,85,42,43,85,ITI,ITI4,12,Lazio
2024-01-29,PAT,21,7,14,21,ITH,ITH2,4,Provincia Autonoma Trento
2024-01-03,MAR,181,88,93,181,ITI,ITI3,11,Marche
2023-12-22,PUG,2609,1405,1204,2609,ITF,ITF4,16,Puglia
2023-12-21,CAL,652,362,290,652,ITF,ITF6,18,Calabria
2023-10-22,LAZ,43,22,21,43,ITI,ITI4,12,Lazio
2023-11-09,CAM,410,228,182,410,ITF,ITF3,15,Campania
2023-11-16,CAM,503,266,237,503,ITF,ITF3,15,Campania
2023-11-28,SAR,554,265,289,554,ITG,ITG2,20,Sardegna
2023-11-01,ABR,7,2,5,7,ITF,ITF1,13,Abruzzo
2024-05-14,PUG,1,1,0,1,ITF,ITF4,16,Puglia
2024-04-12,EMR,3,1,2,3,ITH,ITH5,8,Emilia-Romagna
2023-11-21,LOM,9549,4439,5110,9549,ITC,ITC4,3,Lombardia
2024-01-28,LOM,72,40,32,72,ITC,ITC4,3,Lombardia
2024-08-08,PIE,2,0,2,2,ITC,ITC1,1,Piemonte
2023-12-11,CAM,894,484,410,894,ITF,ITF3,15,Campania
2024-02-02,TOS,149,64,85,149,ITI,ITI1,9,Toscana
2024-01-15,PAB,6,4,2,6,ITH,ITH1,4,Provincia Autonoma Bolzano / Bozen
2023-10-29,LAZ,26,11,15,26,ITI,ITI4,12,Lazio
2023-11-30,UMB,815,408,407,815,ITI,ITI2,10,Umbria
2023-10-24,PAB,703,342,361,703,ITH,ITH1,4,Provincia Autonoma Bolzano / Bozen
2024-01-10,MAR,241,113,128,241,ITI,ITI3,11,Marche
2023-10-18,EMR,1511,725,786,1511,ITH,ITH5,8,Emilia-Romagna
2023-12-14,VEN,5037,2523,2514,5037,ITH,ITH3,5,Veneto
2024-04-04,SAR,2,1,1,2,ITG,ITG2,20,Sardegna
2023-12-04,SAR,756,378,378,756,ITG,ITG2,20,Sardegna
2024-07-17,LAZ,11,6,5,11,ITI,ITI4,12,Lazio
2024-04-05,SAR,4,1,3,4,ITG,ITG2,20,Sardegna
2023-11-24,CAL,140,91,49,140,ITF,ITF6,18,Calabria
2023-12-06,PUG,2643,1340,1303,2643,ITF,ITF4,16,Puglia
2024-01-17,BAS,129,66,63,129,ITF,ITF5,17,Basilicata
2024-07-26,LIG,4,1,3,4,ITC,ITC3,7,Liguria
2024-01-28,ABR,43,19,24,43,ITF,ITF1,13,Abruzzo
2023-10-06,CAM,28,15,13,28,ITF,ITF3,15,Campania
2024-01-26,LAZ,678,300,378,678,ITI,ITI4,12,Lazio
2023-11-06,EMR,4080,1873,2207,4080,ITH,ITH5,8,Emilia-Romagna
2024-01-07,UMB,8,4,4,8,ITI,ITI2,10,Umbria
2023-10-22,MAR,54,30,24,54,ITI,ITI3,11,Marche
2024-02-28,VDA,7,3,4,7,ITC,ITC2,2,Valle d'Aosta / Vallée d'Aoste
2023-10-23,CAL,23,14,9,23,ITF,ITF6,18,Calabria
2023-12-31,BAS,7,4,3,7,ITF,ITF5,17,Basilicata
2024-03-26,FVG,7,2,5,7,ITH,ITH4,6,Friuli-Venezia Giulia
2024-03-19,VEN,2,2,0,2,ITH,ITH3,5,Veneto
2023-11-23,BAS,51,34,17,51,ITF,ITF5,17,Basilicata
2024-06-06,TOS,1,1,0,1,ITI,ITI1,9,Toscana
2024-01-04,VDA,19,6,13,19,ITC,ITC2,2,Valle d'Aosta / Vallée d'Aoste
2024-07-19,LAZ,5,2,3,5,ITI,ITI4,12,Lazio
2024-08-07,PUG,6,2,4,6,ITF,ITF4,16,Puglia
2024-04-11,PUG,3,1,2,3,ITF,ITF4,16,Puglia
2024-05-16,VEN,4,2,2,4,ITH,ITH3,5,Veneto
2024-07-09,FVG,1,1,0,1,ITH,ITH4,6,Friuli-Venezia Giulia
2023-10-21,CAL,13,9,4,13,ITF,ITF6,18,Calabria
2024-07-18,TOS,5,4,1,5,ITI,ITI1,9,Toscana
2024-04-08,VEN,10,3,7,10,ITH,ITH3,5,Veneto
2024-08-07,CAM,1,1,0,1,ITF,ITF3,15,Campania
2024-04-11,PIE,10,9,1,10,ITC,ITC1,1,Piemonte
2024-03-02,CAM,4,3,1,4,ITF,ITF3,15,Campania
2024-08-02,PIE,2,2,0,2,ITC,ITC1,1,Piemonte
2024-03-20,CAM,2,0,2,2,ITF,ITF3,15,Campania
2024-08-29,SAR,3,2,1,3,ITG,ITG2,20,Sardegna
2024-05-22,BAS,1,1,0,1,ITF,ITF5,17,Basilicata
2024-02-04,CAL,1,1,0,1,ITF,ITF6,18,Calabria
2023-12-23,MOL,1,0,1,1,ITF,ITF2,14,Molise
2023-12-03,MAR,1,0,1,1,ITI,ITI3,11,Marche
2024-02-12,MAR,1,1,0,1,ITI,ITI3,11,Marche
2024-08-31,FVG,1,0,1,1,ITH,ITH4,6,Friuli-Venezia Giulia
2024-07-04,LIG,1,1,0,1,ITC,ITC3,7,Liguria
2023-12-19,SAR,843,420,423,843,ITG,ITG2,20,Sardegna
2023-11-05,PUG,25,15,10,25,ITF,ITF4,16,Puglia
2023-10-17,VDA,63,29,34,63,ITC,ITC2,2,Valle d'Aosta / Vallée d'Aoste
2024-04-19,LOM,44,17,27,44,ITC,ITC4,3,Lombardia
2023-11-12,TOS,197,93,104,197,ITI,ITI1,9,Toscana
2023-10-27,FVG,916,458,458,916,ITH,ITH4,6,Friuli-Venezia Giulia
2023-11-30,CAL,330,194,136,330,ITF,ITF6,18,Calabria
2023-10-27,CAL,70,36,34,70,ITF,ITF6,18,Calabria
2024-03-01,TOS,23,13,10,23,ITI,ITI1,9,Toscana
2023-10-19,PAB,802,390,412,802,ITH,ITH1,4,Provincia Autonoma Bolzano / Bozen
2023-12-19,PIE,3596,1798,1798,3596,ITC,ITC1,1,Piemonte
2023-11-06,VEN,1558,726,832,1558,ITH,ITH3,5,Veneto
2024-01-22,UMB,53,29,24,53,ITI,ITI2,10,Umbria
2023-10-03,SAR,6,1,5,6,ITG,ITG2,20,Sardegna
2023-12-10,ABR,181,94,87,181,ITF,ITF1,13,Abruzzo
2023-12-04,UMB,382,181,201,382,ITI,ITI2,10,Umbria
2023-10-23,PIE,790,380,410,790,ITC,ITC1,1,Piemonte
2023-10-25,LAZ,1010,510,500,1010,ITI,ITI4,12,Lazio
2023-10-24,LOM,9093,4471,4622,9093,ITC,ITC4,3,Lombardia
2023-12-29,PIE,2060,941,1119,2060,ITC,ITC1,1,Piemonte
2023-10-21,PIE,339,180,159,339,ITC,ITC1,1,Piemonte
2024-03-01,PUG,24,14,10,24,ITF,ITF4,16,Puglia
2024-03-28,LAZ,15,7,8,15,ITI,ITI4,12,Lazio
2024-05-10,PUG,12,3,9,12,ITF,ITF4,16,Puglia
2023-12-04,LOM,9275,4471,4804,9275,ITC,ITC4,3,Lombardia
2024-01-03,LIG,407,198,209,407,ITC,ITC3,7,Liguria
2023-11-12,PUG,51,31,20,51,ITF,ITF4,16,Puglia
2023-11-29,VDA,134,66,68,134,ITC,ITC2,2,Valle d'Aosta / Vallée d'Aoste
2024-02-23,SAR,44,23,21,44,ITG,ITG2,20,Sardegna
2024-01-17,MOL,21,10,11,21,ITF,ITF2,14,Molise
2024-03-25,TOS,16,7,9,16,ITI,ITI1,9,Toscana
2023-10-28,CAM,77,42,35,77,ITF,ITF3,15,Campania
2024-01-05,LIG,246,121,125,246,ITC,ITC3,7,Liguria
2024-06-27,PUG,2,2,0,2,ITF,ITF4,16,Puglia
2024-01-17,PIE,960,458,502,960,ITC,ITC1,1,Piemonte
2023-11-29,SIC,344,187,157,344,ITG,ITG1,19,Sicilia
2023-11-16,LOM,10248,4795,5453,10248,ITC,ITC4,3,Lombardia
2023-11-18,VDA,80,42,38,80,ITC,ITC2,2,Valle d'Aosta / Vallée d'Aoste
2023-10-31,PIE,1546,761,785,1546,ITC,ITC1,1,Piemonte
2023-12-20,MAR,80,43,37,80,ITI,ITI3,11,Marche
2023-10-31,MOL,33,13,20,33,ITF,ITF2,14,Molise
2024-02-22,ABR,16,6,10,16,ITF,ITF1,13,Abruzzo
2023-10-30,FVG,532,274,258,532,ITH,ITH4,6,Friuli-Venezia Giulia
2023-11-24,PIE,3596,1741,1855,3596,ITC,ITC1,1,Piemonte
2024-01-22,LOM,972,448,524,972,ITC,ITC4,3,Lombardia
2024-01-27,CAM,44,20,24,44,ITF,ITF3,15,Campania
2024-04-08,EMR,13,4,9,13,ITH,ITH5,8,Emilia-Romagna
2023-11-09,VDA,164,80,84,164,ITC,ITC2,2,Valle d'Aosta / Vallée d'Aoste
2024-02-02,SIC,94,48,46,94,ITG,ITG1,19,Sicilia
2023-11-24,SAR,570,293,277,570,ITG,ITG2,20,Sardegna
2024-01-14,CAM,8,5,3,8,ITF,ITF3,15,Campania
2023-10-14,PIE,43,20,23,43,ITC,ITC1,1,Piemonte
2023-11-25,TOS,1895,898,997,1895,ITI,ITI1,9,Toscana
2024-01-16,CAL,167,94,73,167,ITF,ITF6,18,Calabria
2023-10-28,LOM,6075,3008,3067,6075,ITC,ITC4,3,Lombardia
2024-01-23,CAM,223,114,109,223,ITF,ITF3,15,Campania
2023-11-02,SAR,171,93,78,171,ITG,ITG2,20,Sardegna
2023-12-23,EMR,439,221,218,439,ITH,ITH5,8,Emilia-Romagna
2023-11-25,LAZ,1821,959,862,1821,ITI,ITI4,12,Lazio
2023-11-07,LAZ,2321,1140,1181,2321,ITI,ITI4,12,Lazio
2024-02-09,TOS,136,53,83,136,ITI,ITI1,9,Toscana
2023-11-28,PIE,3046,1375,1671,3046,ITC,ITC1,1,Piemonte
2023-12-02,MOL,37,20,17,37,ITF,ITF2,14,Molise
2024-05-16,EMR,14,5,9,14,ITH,ITH5,8,Emilia-Romagna
2023-10-10,PIE,95,51,44,95,ITC,ITC1,1,Piemonte
2023-10-14,ABR,11,5,6,11,ITF,ITF1,13,Abruzzo
2023-12-13,TOS,5163,2433,2730,5163,ITI,ITI1,9,Toscana
2023-12-14,EMR,6526,3207,3319,6526,ITH,ITH5,8,Emilia-Romagna
2024-02-21,PUG,45,21,24,45,ITF,ITF4,16,Puglia
2023-11-11,PUG,437,234,203,437,ITF,ITF4,16,Puglia
2023-12-11,ABR,485,244,241,485,ITF,ITF1,13,Abruzzo
2024-01-13,MAR,107,48,59,107,ITI,ITI3,11,Marche
2024-02-03,LAZ,68,31,37,68,ITI,ITI4,12,Lazio
2023-10-14,EMR,11,3,8,11,ITH,ITH5,8,Emilia-Romagna
2024-02-08,PUG,100,53,47,100,ITF,ITF4,16,Puglia
2024-03-12,BAS,8,7,1,8,ITF,ITF5,17,Basilicata
2024-01-17,EMR,1042,502,540,1042,ITH,ITH5,8,Emilia-Romagna
2024-05-21,EMR,5,2,3,5,ITH,ITH5,8,Emilia-Romagna
2023-11-14,LIG,1121,537,584,1121,ITC,ITC3,7,Liguria
2024-03-01,FVG,17,8,9,17,ITH,ITH4,6,Friuli-Venezia Giulia
2024-04-06,PUG,5,3,2,5,ITF,ITF4,16,Puglia
2024-02-07,LAZ,171,80,91,171,ITI,ITI4,12,Lazio
2024-03-15,UMB,3,1,2,3,ITI,ITI2,10,Umbria
2023-11-12,FVG,12,4,8,12,ITH,ITH4,6,Friuli-Venezia Giulia
2024-01-27,CAL,10,7,3,10,ITF,ITF6,18,Calabria
2023-12-05,MAR,24,11,13,24,ITI,ITI3,11,Marche
2023-11-28,EMR,5785,2748,3037,5785,ITH,ITH5,8,Emilia-Romagna
2024-01-12,PAT,149,77,72,149,ITH,ITH2,4,Provincia Autonoma Trento
2024-02-06,MAR,21,12,9,21,ITI,ITI3,11,Marche
2023-12-22,CAL,439,252,187,439,ITF,ITF6,18,Calabria
2024-03-23,TOS,27,20,7,27,ITI,ITI1,9,Toscana
2023-12-20,FVG,1293,666,627,1293,ITH,ITH4,6,Friuli-Venezia Giulia
2023-11-27,SIC,189,92,97,189,ITG,ITG1,19,Sicilia
2023-11-17,PAB,277,136,141,277,ITH,ITH1,4,Provincia Autonoma Bolzano / Bozen
2024-01-25,PUG,359,167,192,359,ITF,ITF4,16,Puglia
2023-10-13,TOS,683,342,341,683,ITI,ITI1,9,Toscana
2024-01-16,BAS,63,33,30,63,ITF,ITF5,17,Basilicata
2024-04-11,EMR,6,3,3,6,ITH,ITH5,8,Emilia-Romagna
2024-04-17,FVG,2,0,2,2,ITH,ITH4,6,Friuli-Venezia Giulia
2023-12-13,CAL,474,270,204,474,ITF,ITF6,18,Calabria
2023-11-08,PAB,550,292,258,550,ITH,ITH1,4,Provincia Autonoma Bolzano / Bozen
2024-02-27,LAZ,50,20,30,50,ITI,ITI4,12,Lazio
2023-11-02,SIC,85,46,39,85,ITG,ITG1,19,Sicilia
2023-12-28,TOS,2173,1072,1101,2173,ITI,ITI1,9,Toscana
2024-01-17,PAB,52,27,25,52,ITH,ITH1,4,Provincia Autonoma Bolzano / Bozen
2024-01-05,LAZ,1826,908,918,1826,ITI,ITI4,12,Lazio
2024-01-15,MOL,34,15,19,34,ITF,ITF2,14,Molise
2024-05-15,EMR,9,5,4,9,ITH,ITH5,8,Emilia-Romagna
2024-02-01,MOL,10,9,1,10,ITF,ITF2,14,Molise
2024-01-08,TOS,666,312,354,666,ITI,ITI1,9,Toscana
2023-12-19,MOL,115,58,57,115,ITF,ITF2,14,Molise
2024-02-22,SAR,82,46,36,82,ITG,ITG2,20,Sardegna
2024-04-09,LAZ,4,1,3,4,ITI,ITI4,12,Lazio
2024-08-07,VEN,9,6,3,9,ITH,ITH3,5,Veneto
2024-01-16,MOL,57,23,34,57,ITF,ITF2,14,Molise
2023-10-16,TOS,730,315,415,730,ITI,ITI1,9,Toscana
2023-11-30,EMR,6066,2948,3118,6066,ITH,ITH5,8,Emilia-Romagna
2023-11-16,ABR,372,179,193,372,ITF,ITF1,13,Abruzzo
2024-04-12,LOM,17,10,7,17,ITC,ITC4,3,Lombardia
2024-01-12,EMR,1326,643,683,1326,ITH,ITH5,8,Emilia-Romagna
2024-05-06,FVG,13,7,6,13,ITH,ITH4,6,Friuli-Venezia Giulia
2024-02-13,PUG,70,36,34,70,ITF,ITF4,16,Puglia
2023-10-31,VEN,1440,619,821,1440,ITH,ITH3,5,Veneto
2023-12-28,PUG,1286,690,596,1286,ITF,ITF4,16,Puglia
2024-01-26,TOS,406,166,240,406,ITI,ITI1,9,Toscana
2023-10-12,FVG,53,33,20,53,ITH,ITH4,6,Friuli-Venezia Giulia
2023-10-09,LIG,32,10,22,32,ITC,ITC3,7,Liguria
2023-12-27,PAT,146,74,72,146,ITH,ITH2,4,Provincia Autonoma Trento
2023-10-18,LIG,274,105,169,274,ITC,ITC3,7,Liguria
2023-12-22,FVG,701,361,340,701,ITH,ITH4,6,Friuli-Venezia Giulia
2023-11-04,PUG,331,168,163,331,ITF,ITF4,16,Puglia
2023-11-14,PAB,579,281,298,579,ITH,ITH1,4,Provincia Autonoma Bolzano / Bozen
2023-10-21,CAM,45,24,21,45,ITF,ITF3,15,Campania
2023-11-13,FVG,858,412,446,858,ITH,ITH4,6,Friuli-Venezia Giulia
2024-01-15,BAS,48,26,22,48,ITF,ITF5,17,Basilicata
2024-02-27,TOS,78,32,46,78,ITI,ITI1,9,Toscana
2024-08-24,TOS,11,7,4,11,ITI,ITI1,9,Toscana
2023-12-12,MOL,182,99,83,182,ITF,ITF2,14,Molise
2024-03-27,TOS,6,3,3,6,ITI,ITI1,9,Toscana
2024-01-21,SIC,6,2,4,6,ITG,ITG1,19,Sicilia
2024-05-02,SIC,2,1,1,2,ITG,ITG1,19,Sicilia
2024-05-10,CAM,1,1,0,1,ITF,ITF3,15,Campania
2024-08-09,FVG,1,0,1,1,ITH,ITH4,6,Friuli-Venezia Giulia
2024-02-28,FVG,6,3,3,6,ITH,ITH4,6,Friuli-Venezia Giulia
2024-07-23,PUG,1,1,0,1,ITF,ITF4,16,Puglia
2024-07-26,LAZ,8,5,3,8,ITI,ITI4,12,Lazio
2024-07-05,UMB,2,0,2,2,ITI,ITI2,10,Umbria
2024-04-12,SAR,2,2,0,2,ITG,ITG2,20,Sardegna
2024-06-10,SAR,2,2,0,2,ITG,ITG2,20,Sardegna
2024-06-10,PIE,2,1,1,2,ITC,ITC1,1,Piemonte
2023-10-22,SIC,3,2,1,3,ITG,ITG1,19,Sicilia
2023-10-15,CAM,12,5,7,12,ITF,ITF3,15,Campania
2024-02-05,MAR,7,5,2,7,ITI,ITI3,11,Marche
2024-08-06,VEN,8,7,1,8,ITH,ITH3,5,Veneto
2024-05-21,VEN,2,2,0,2,ITH,ITH3,5,Veneto
2023-10-12,CAL,12,5,7,12,ITF,ITF6,18,Calabria
2024-03-02,LOM,51,27,24,51,ITC,ITC4,3,Lombardia
2024-05-24,PIE,9,4,5,9,ITC,ITC1,1,Piemonte
2024-06-06,FVG,2,1,1,2,ITH,ITH4,6,Friuli-Venezia Giulia
2024-01-06,BAS,5,3,2,5,ITF,ITF5,17,Basilicata
2024-04-26,CAL,1,1,0,1,ITF,ITF6,18,Calabria
2024-02-23,MOL,1,0,1,1,ITF,ITF2,14,Molise
2024-05-21,SIC,3,1,2,3,ITG,ITG1,19,Sicilia
2024-04-29,SIC,2,2,0,2,ITG,ITG1,19,Sicilia
2024-08-01,SAR,2,1,1,2,ITG,ITG2,20,Sardegna
2024-06-25,LAZ,3,2,1,3,ITI,ITI4,12,Lazio
2024-04-27,LOM,1,0,1,1,ITC,ITC4,3,Lombardia
2023-10-27,MOL,3,2,1,3,ITF,ITF2,14,Molise
2024-03-02,CAL,3,0,3,3,ITF,ITF6,18,Calabria
2024-04-02,VDA,1,1,0,1,ITC,ITC2,2,Valle d'Aosta / Vallée d'Aoste
2024-04-23,SAR,1,1,0,1,ITG,ITG2,20,Sardegna
2023-10-11,MOL,6,5,1,6,ITF,ITF2,14,Molise
2024-05-02,EMR,3,0,3,3,ITH,ITH5,8,Emilia-Romagna
2024-06-19,VEN,1,1,0,1,ITH,ITH3,5,Veneto
2024-03-30,LAZ,2,1,1,2,ITI,ITI4,12,Lazio
2024-02-19,MOL,1,1,0,1,ITF,ITF2,14,Molise
2024-03-02,ABR,1,0,1,1,ITF,ITF1,13,Abruzzo
2023-12-23,PAB,1,0,1,1,ITH,ITH1,4,Provincia Autonoma Bolzano / Bozen
2024-03-14,BAS,1,1,0,1,ITF,ITF5,17,Basilicata
2024-04-05,LOM,20,9,11,20,ITC,ITC4,3,Lombardia
2024-02-16,LAZ,51,26,25,51,ITI,ITI4,12,Lazio
2024-03-19,EMR,17,9,8,17,ITH,ITH5,8,Emilia-Romagna
2024-04-19,FVG,15,5,10,15,ITH,ITH4,6,Friuli-Venezia Giulia
2024-03-11,LOM,21,10,11,21,ITC,ITC4,3,Lombardia
2024-03-09,SIC,4,2,2,4,ITG,ITG1,19,Sicilia
2024-01-14,LOM,140,65,75,140,ITC,ITC4,3,Lombardia
2024-02-20,EMR,105,54,51,105,ITH,ITH5,8,Emilia-Romagna
2024-03-01,PAT,23,10,13,23,ITH,ITH2,4,Provincia Autonoma Trento
2023-12-18,LAZ,4242,2112,2130,4242,ITI,ITI4,12,Lazio
2024-01-19,VEN,906,447,459,906,ITH,ITH3,5,Veneto
2024-02-15,PIE,65,27,38,65,ITC,ITC1,1,Piemonte
2024-01-23,LOM,1471,594,877,1471,ITC,ITC4,3,Lombardia
2023-11-24,ABR,494,270,224,494,ITF,ITF1,13,Abruzzo
2023-10-29,TOS,37,15,22,37,ITI,ITI1,9,Toscana
2023-12-22,TOS,5106,2616,2490,5106,ITI,ITI1,9,Toscana
2023-12-11,FVG,1065,497,568,1065,ITH,ITH4,6,Friuli-Venezia Giulia
2024-01-15,CAL,116,63,53,116,ITF,ITF6,18,Calabria
2024-02-09,PUG,115,47,68,115,ITF,ITF4,16,Puglia
2023-12-10,PIE,80,36,44,80,ITC,ITC1,1,Piemonte
2024-03-15,LOM,44,20,24,44,ITC,ITC4,3,Lombardia
2023-12-29,MOL,90,51,39,90,ITF,ITF2,14,Molise
2023-09-25,ABR,1,0,1,1,ITF,ITF1,13,Abruzzo
2023-10-23,ABR,124,63,61,124,ITF,ITF1,13,Abruzzo
2023-11-14,MOL,31,19,12,31,ITF,ITF2,14,Molise
2024-01-27,PUG,20,8,12,20,ITF,ITF4,16,Puglia
2024-02-07,LIG,147,54,93,147,ITC,ITC3,7,Liguria
2023-11-08,EMR,7143,3353,3790,7143,ITH,ITH5,8,Emilia-Romagna
2024-01-02,TOS,791,383,408,791,ITI,ITI1,9,Toscana
2023-11-07,TOS,5230,2442,2788,5230,ITI,ITI1,9,Toscana
2023-11-10,SAR,337,164,173,337,ITG,ITG2,20,Sardegna
2024-01-09,MOL,20,9,11,20,ITF,ITF2,14,Molise
2024-01-10,LIG,773,362,411,773,ITC,ITC3,7,Liguria
2024-02-15,SAR,118,63,55,118,ITG,ITG2,20,Sardegna
2024-06-13,VEN,2,1,1,2,ITH,ITH3,5,Veneto
2024-03-25,LAZ,9,6,3,9,ITI,ITI4,12,Lazio
2024-05-25,TOS,7,6,1,7,ITI,ITI1,9,Toscana
2024-07-16,LIG,1,1,0,1,ITC,ITC3,7,Liguria
2024-04-10,SAR,4,3,1,4,ITG,ITG2,20,Sardegna
2024-02-09,PAT,3,1,2,3,ITH,ITH2,4,Provincia Autonoma Trento
2024-03-05,VDA,2,1,1,2,ITC,ITC2,2,Valle d'Aosta / Vallée d'Aoste
2024-04-27,VEN,4,3,1,4,ITH,ITH3,5,Veneto
2024-05-21,BAS,2,1,1,2,ITF,ITF5,17,Basilicata
2024-05-15,PIE,11,6,5,11,ITC,ITC1,1,Piemonte
2024-03-15,CAM,2,0,2,2,ITF,ITF3,15,Campania
2024-04-09,LIG,2,1,1,2,ITC,ITC3,7,Liguria
2024-08-20,PIE,4,1,3,4,ITC,ITC1,1,Piemonte
2024-01-22,PAB,2,1,1,2,ITH,ITH1,4,Provincia Autonoma Bolzano / Bozen
2024-09-02,PIE,4,4,0,4,ITC,ITC1,1,Piemonte
2024-02-18,LOM,5,2,3,5,ITC,ITC4,3,Lombardia
2024-02-10,MAR,3,2,1,3,ITI,ITI3,11,Marche
2024-03-12,ABR,1,0,1,1,ITF,ITF1,13,Abruzzo
2023-10-12,VDA,17,7,10,17,ITC,ITC2,2,Valle d'Aosta / Vallée d'Aoste
2024-04-22,MAR,3,1,2,3,ITI,ITI3,11,Marche
2024-03-22,PAB,4,2,2,4,ITH,ITH1,4,Provincia Autonoma Bolzano / Bozen
2024-05-13,LAZ,3,2,1,3,ITI,ITI4,12,Lazio
2024-01-28,CAL,2,0,2,2,ITF,ITF6,18,Calabria
2024-05-09,LIG,2,1,1,2,ITC,ITC3,7,Liguria
2024-04-24,LAZ,3,1,2,3,ITI,ITI4,12,Lazio
2024-07-12,CAM,1,1,0,1,ITF,ITF3,15,Campania
2024-06-12,TOS,1,1,0,1,ITI,ITI1,9,Toscana
2024-08-01,PUG,2,0,2,2,ITF,ITF4,16,Puglia
2024-05-30,PUG,1,0,1,1,ITF,ITF4,16,Puglia
2024-09-06,EMR,1,1,0,1,ITH,ITH5,8,Emilia-Romagna
2023-11-22,MOL,147,84,63,147,ITF,ITF2,14,Molise
2024-03-21,SAR,26,14,12,26,ITG,ITG2,20,Sardegna
2024-03-18,TOS,9,5,4,9,ITI,ITI1,9,Toscana
2024-05-13,EMR,9,3,6,9,ITH,ITH5,8,Emilia-Romagna
2024-01-25,UMB,113,52,61,113,ITI,ITI2,10,Umbria
2024-07-10,LIG,3,2,1,3,ITC,ITC3,7,Liguria
2023-12-13,SAR,1179,616,563,1179,ITG,ITG2,20,Sardegna
2023-12-09,LAZ,963,472,491,963,ITI,ITI4,12,Lazio
2023-10-24,LAZ,1021,526,495,1021,ITI,ITI4,12,Lazio
2024-01-24,EMR,777,372,405,777,ITH,ITH5,8,Emilia-Romagna
2024-03-08,CAM,14,9,5,14,ITF,ITF3,15,Campania
2023-12-18,UMB,303,145,158,303,ITI,ITI2,10,Umbria
2024-03-07,EMR,31,16,15,31,ITH,ITH5,8,Emilia-Romagna
2024-05-23,LAZ,9,3,6,9,ITI,ITI4,12,Lazio
2024-03-04,CAM,17,10,7,17,ITF,ITF3,15,Campania
2024-01-05,LOM,2294,1094,1200,2294,ITC,ITC4,3,Lombardia
2024-02-21,LOM,273,79,194,273,ITC,ITC4,3,Lombardia
2023-12-22,EMR,3705,1914,1791,3705,ITH,ITH5,8,Emilia-Romagna
2023-11-15,PAB,575,290,285,575,ITH,ITH1,4,Provincia Autonoma Bolzano / Bozen
2024-01-30,PIE,337,165,172,337,ITC,ITC1,1,Piemonte
2023-10-13,LOM,521,203,318,521,ITC,ITC4,3,Lombardia
2023-12-06,SIC,584,315,269,584,ITG,ITG1,19,Sicilia
2024-01-16,TOS,577,265,312,577,ITI,ITI1,9,Toscana
2024-03-19,LAZ,19,11,8,19,ITI,ITI4,12,Lazio
2024-02-27,PIE,59,24,35,59,ITC,ITC1,1,Piemonte
2023-09-29,VDA,6,2,4,6,ITC,ITC2,2,Valle d'Aosta / Vallée d'Aoste
2023-12-18,EMR,3576,1787,1789,3576,ITH,ITH5,8,Emilia-Romagna
2023-12-21,SIC,1439,774,665,1439,ITG,ITG1,19,Sicilia
2023-11-16,LIG,1047,523,524,1047,ITC,ITC3,7,Liguria
2024-02-03,PIE,62,29,33,62,ITC,ITC1,1,Piemonte
2024-01-15,MAR,166,85,81,166,ITI,ITI3,11,Marche
2023-11-26,UMB,10,3,7,10,ITI,ITI2,10,Umbria
2024-07-17,VEN,15,9,6,15,ITH,ITH3,5,Veneto
2024-02-01,TOS,204,103,101,204,ITI,ITI1,9,Toscana
2024-01-15,TOS,396,189,207,396,ITI,ITI1,9,Toscana
2023-11-20,UMB,377,186,191,377,ITI,ITI2,10,Umbria
2024-03-15,LIG,9,3,6,9,ITC,ITC3,7,Liguria
2024-01-15,LAZ,1818,880,938,1818,ITI,ITI4,12,Lazio
2023-12-09,MAR,199,100,99,199,ITI,ITI3,11,Marche
2024-02-05,PIE,113,58,55,113,ITC,ITC1,1,Piemonte
2023-12-24,EMR,30,17,13,30,ITH,ITH5,8,Emilia-Romagna
2024-01-12,MAR,310,157,153,310,ITI,ITI3,11,Marche
2024-01-19,MAR,152,82,70,152,ITI,ITI3,11,Marche
2024-02-12,SAR,128,57,71,128,ITG,ITG2,20,Sardegna
2024-08-05,FVG,5,3,2,5,ITH,ITH4,6,Friuli-Venezia Giulia
2024-04-09,FVG,5,3,2,5,ITH,ITH4,6,Friuli-Venezia Giulia
2023-10-16,CAL,17,11,6,17,ITF,ITF6,18,Calabria
2024-07-22,PIE,11,6,5,11,ITC,ITC1,1,Piemonte
2023-11-04,LOM,5771,2775,2996,5771,ITC,ITC4,3,Lombardia
2024-02-21,VEN,72,28,44,72,ITH,ITH3,5,Veneto
2024-01-05,CAM,536,298,238,536,ITF,ITF3,15,Campania
2024-01-16,LAZ,2159,1003,1156,2159,ITI,ITI4,12,Lazio
2023-11-25,BAS,76,36,40,76,ITF,ITF5,17,Basilicata
2023-10-23,SIC,38,22,16,38,ITG,ITG1,19,Sicilia
2024-03-07,SAR,43,23,20,43,ITG,ITG2,20,Sardegna
2023-12-14,TOS,7087,3340,3747,7087,ITI,ITI1,9,Toscana
2023-10-25,BAS,6,2,4,6,ITF,ITF5,17,Basilicata
2023-11-01,UMB,15,8,7,15,ITI,ITI2,10,Umbria
2023-12-20,VEN,4311,2071,2240,4311,ITH,ITH3,5,Veneto
2024-01-30,CAM,105,48,57,105,ITF,ITF3,15,Campania
2023-11-07,CAL,114,68,46,114,ITF,ITF6,18,Calabria
2024-01-20,SAR,224,104,120,224,ITG,ITG2,20,Sardegna
2024-04-15,CAM,1,1,0,1,ITF,ITF3,15,Campania
2024-01-27,LIG,32,13,19,32,ITC,ITC3,7,Liguria
2024-02-06,PIE,242,91,151,242,ITC,ITC1,1,Piemonte
2023-11-20,VEN,2491,1236,1255,2491,ITH,ITH3,5,Veneto
2024-01-09,CAL,247,130,117,247,ITF,ITF6,18,Calabria
2023-12-01,MOL,126,74,52,126,ITF,ITF2,14,Molise
2024-01-29,SAR,227,110,117,227,ITG,ITG2,20,Sardegna
2023-11-04,EMR,2920,1422,1498,2920,ITH,ITH5,8,Emilia-Romagna
2023-12-27,PAB,50,29,21,50,ITH,ITH1,4,Provincia Autonoma Bolzano / Bozen
2024-07-17,SAR,1,1,0,1,ITG,ITG2,20,Sardegna
2024-01-02,BAS,117,60,57,117,ITF,ITF5,17,Basilicata
2023-11-26,VEN,64,30,34,64,ITH,ITH3,5,Veneto
2024-07-15,SAR,1,0,1,1,ITG,ITG2,20,Sardegna
2024-01-23,LIG,468,205,263,468,ITC,ITC3,7,Liguria
2023-12-07,VEN,3332,1621,1711,3332,ITH,ITH3,5,Veneto
2024-01-29,EMR,278,127,151,278,ITH,ITH5,8,Emilia-Romagna
2024-01-16,MAR,206,103,103,206,ITI,ITI3,11,Marche
2024-01-14,MAR,12,6,6,12,ITI,ITI3,11,Marche
2024-03-27,PIE,8,4,4,8,ITC,ITC1,1,Piemonte
2024-02-02,PIE,315,142,173,315,ITC,ITC1,1,Piemonte
2024-03-09,ABR,57,24,33,57,ITF,ITF1,13,Abruzzo
2024-05-03,EMR,5,3,2,5,ITH,ITH5,8,Emilia-Romagna
2024-04-16,EMR,3,2,1,3,ITH,ITH5,8,Emilia-Romagna
2023-12-23,VDA,3,2,1,3,ITC,ITC2,2,Valle d'Aosta / Vallée d'Aoste
2023-12-25,CAL,1,1,0,1,ITF,ITF6,18,Calabria
2024-03-26,PAB,4,2,2,4,ITH,ITH1,4,Provincia Autonoma Bolzano / Bozen
2024-06-12,EMR,2,0,2,2,ITH,ITH5,8,Emilia-Romagna
2024-08-02,LAZ,5,2,3,5,ITI,ITI4,12,Lazio
2024-06-26,PAT,1,0,1,1,ITH,ITH2,4,Provincia Autonoma Trento
2024-06-05,PIE,4,2,2,4,ITC,ITC1,1,Piemonte
2024-01-25,PAB,7,4,3,7,ITH,ITH1,4,Provincia Autonoma Bolzano / Bozen
2024-07-29,LAZ,7,3,4,7,ITI,ITI4,12,Lazio
2024-06-26,PUG,2,2,0,2,ITF,ITF4,16,Puglia
2024-07-31,VEN,6,3,3,6,ITH,ITH3,5,Veneto
2024-03-19,VDA,2,1,1,2,ITC,ITC2,2,Valle d'Aosta / Vallée d'Aoste
2024-06-05,SAR,1,0,1,1,ITG,ITG2,20,Sardegna
2023-11-26,PAB,1,1,0,1,ITH,ITH1,4,Provincia Autonoma Bolzano / Bozen
2024-05-08,UMB,1,1,0,1,ITI,ITI2,10,Umbria
2024-03-06,FVG,6,2,4,6,ITH,ITH4,6,Friuli-Venezia Giulia
2024-07-01,VEN,2,1,1,2,ITH,ITH3,5,Veneto
2024-07-04,PIE,1,1,0,1,ITC,ITC1,1,Piemonte
2024-07-31,CAM,1,0,1,1,ITF,ITF3,15,Campania
2024-03-27,MOL,1,1,0,1,ITF,ITF2,14,Molise
2024-08-06,SIC,1,1,0,1,ITG,ITG1,19,Sicilia
2023-12-04,PAB,112,56,56,112,ITH,ITH1,4,Provincia Autonoma Bolzano / Bozen
2023-11-11,CAL,45,22,23,45,ITF,ITF6,18,Calabria
2024-01-24,VDA,16,9,7,16,ITC,ITC2,2,Valle d'Aosta / Vallée d'Aoste
2023-12-16,PIE,2148,1104,1044,2148,ITC,ITC1,1,Piemonte
2024-01-12,PIE,1615,787,828,1615,ITC,ITC1,1,Piemonte
2024-01-31,LIG,243,102,141,243,ITC,ITC3,7,Liguria
2024-01-06,LOM,33,15,18,33,ITC,ITC4,3,Lombardia
2023-11-14,LAZ,2315,1125,1190,2315,ITI,ITI4,12,Lazio
2023-10-12,CAM,233,130,103,233,ITF,ITF3,15,Campania
2024-03-24,LAZ,6,1,5,6,ITI,ITI4,12,Lazio
2023-12-14,BAS,367,192,175,367,ITF,ITF5,17,Basilicata
2024-03-21,PUG,10,5,5,10,ITF,ITF4,16,Puglia
2024-06-21,LAZ,5,3,2,5,ITI,ITI4,12,Lazio
2024-01-05,MAR,246,129,117,246,ITI,ITI3,11,Marche
2024-01-16,UMB,136,57,79,136,ITI,ITI2,10,Umbria
2023-10-16,LIG,141,43,98,141,ITC,ITC3,7,Liguria
2023-10-26,EMR,4253,2021,2232,4253,ITH,ITH5,8,Emilia-Romagna
2024-01-09,LAZ,2426,1159,1267,2426,ITI,ITI4,12,Lazio
2023-10-20,PUG,770,400,370,770,ITF,ITF4,16,Puglia
2024-01-11,CAL,181,86,95,181,ITF,ITF6,18,Calabria
2024-07-15,PUG,1,1,0,1,ITF,ITF4,16,Puglia
2023-12-03,TOS,29,9,20,29,ITI,ITI1,9,Toscana
2023-12-01,CAL,161,94,67,161,ITF,ITF6,18,Calabria
2024-07-02,EMR,5,1,4,5,ITH,ITH5,8,Emilia-Romagna
2023-11-11,FVG,818,383,435,818,ITH,ITH4,6,Friuli-Venezia Giulia
2024-01-31,EMR,426,183,243,426,ITH,ITH5,8,Emilia-Romagna
2023-12-16,ABR,192,96,96,192,ITF,ITF1,13,Abruzzo
2024-02-03,SIC,24,12,12,24,ITG,ITG1,19,Sicilia
2024-06-14,PAT,8,5,3,8,ITH,ITH2,4,Provincia Autonoma Trento
2024-02-12,TOS,63,29,34,63,ITI,ITI1,9,Toscana
2023-10-21,ABR,36,17,19,36,ITF,ITF1,13,Abruzzo
2023-10-09,MOL,10,6,4,10,ITF,ITF2,14,Molise
2024-02-14,ABR,18,9,9,18,ITF,ITF1,13,Abruzzo
2023-12-26,VDA,6,4,2,6,ITC,ITC2,2,Valle d'Aosta / Vallée d'Aoste
2024-07-10,PUG,2,1,1,2,ITF,ITF4,16,Puglia
2024-01-08,VDA,6,4,2,6,ITC,ITC2,2,Valle d'Aosta / Vallée d'Aoste
2024-06-04,CAM,2,0,2,2,ITF,ITF3,15,Campania
2024-09-11,VEN,5,4,1,5,ITH,ITH3,5,Veneto
2024-05-14,TOS,2,1,1,2,ITI,ITI1,9,Toscana
2023-11-19,MAR,6,1,5,6,ITI,ITI3,11,Marche
2024-08-30,FVG,4,1,3,4,ITH,ITH4,6,Friuli-Venezia Giulia
2024-06-17,CAM,2,2,0,2,ITF,ITF3,15,Campania
2024-04-17,CAM,2,2,0,2,ITF,ITF3,15,Campania
2024-02-07,MAR,2,1,1,2,ITI,ITI3,11,Marche
2024-07-25,LAZ,4,3,1,4,ITI,ITI4,12,Lazio
2024-08-28,CAM,1,1,0,1,ITF,ITF3,15,Campania
2024-07-12,VEN,1,1,0,1,ITH,ITH3,5,Veneto
2024-08-23,SIC,1,0,1,1,ITG,ITG1,19,Sicilia
2024-03-26,ABR,1,1,0,1,ITF,ITF1,13,Abruzzo
2024-09-12,TOS,1,0,1,1,ITI,ITI1,9,Toscana
2024-06-04,PAT,2,1,1,2,ITH,ITH2,4,Provincia Autonoma Trento
2024-02-13,VDA,1,0,1,1,ITC,ITC2,2,Valle d'Aosta / Vallée d'Aoste
