data,area,totale,m,f,d,N1,N2,ISTAT,reg
2024-12-12,LOM,1629,665,964,1629,ITC,ITC4,3,Lombardia
2024-11-19,PIE,1738,811,927,1738,ITC,ITC1,1,Piemonte
2024-11-12,LIG,802,406,396,802,ITC,ITC3,7,Liguria
2024-11-14,EMR,4919,2337,2582,4919,ITH,ITH5,8,Emilia-Romagna
2024-10-16,PIE,452,252,200,452,ITC,ITC1,1,Piemonte
2025-01-02,PUG,51,26,25,51,ITF,ITF4,16,Puglia
2024-12-05,EMR,1796,851,945,1796,ITH,ITH5,8,Emilia-Romagna
2024-10-30,LIG,625,330,295,625,ITC,ITC3,7,Liguria
2024-12-02,UMB,7,0,7,7,ITI,ITI2,10,Umbria
2024-11-24,TOS,43,12,31,43,ITI,ITI1,9,Toscana
2024-12-20,PUG,285,145,140,285,ITF,ITF4,16,Puglia
2024-11-29,ABR,124,60,64,124,ITF,ITF1,13,Abruzzo
2024-10-30,PAB,13,5,8,13,ITH,ITH1,4,Provincia Autonoma Bolzano / Bozen
2025-01-09,UMB,12,6,6,12,ITI,ITI2,10,Umbria
2024-11-12,LOM,7550,3587,3963,7550,ITC,ITC4,3,Lombardia
2024-11-19,CAM,173,94,79,173,ITF,ITF3,15,Campania
2024-12-20,PAT,57,29,28,57,ITH,ITH2,4,Provincia Autonoma Trento
2024-12-11,MAR,189,81,108,189,ITI,ITI3,11,Marche
2024-12-07,CAL,7,5,2,7,ITF,ITF6,18,Calabria
2024-12-12,LIG,435,191,244,435,ITC,ITC3,7,Liguria
2024-12-14,PIE,219,118,101,219,ITC,ITC1,1,Piemonte
2024-10-14,LOM,4833,2347,2486,4833,ITC,ITC4,3,Lombardia
2024-10-12,PIE,52,25,27,52,ITC,ITC1,1,Piemonte
2024-11-04,CAL,77,44,33,77,ITF,ITF6,18,Calabria
2024-11-17,SIC,5,3,2,5,ITG,ITG1,19,Sicilia
2024-11-26,LOM,4382,2042,2340,4382,ITC,ITC4,3,Lombardia
2024-12-18,CAM,91,45,46,91,ITF,ITF3,15,Campania
2024-10-21,ABR,94,52,42,94,ITF,ITF1,13,Abruzzo
2024-09-20,FVG,23,12,11,23,ITH,ITH4,6,Friuli-Venezia Giulia
2024-11-12,FVG,1055,463,592,1055,ITH,ITH4,6,Friuli-Venezia Giulia
2024-12-07,VEN,103,48,55,103,ITH,ITH3,5,Veneto
2024-11-13,PAB,424,214,210,424,ITH,ITH1,4,Provincia Autonoma Bolzano / Bozen
2024-12-13,SIC,121,60,61,121,ITG,ITG1,19,Sicilia
2024-12-31,CAM,8,4,4,8,ITF,ITF3,15,Campania
2024-11-24,PIE,42,18,24,42,ITC,ITC1,1,Piemonte
2024-11-20,PUG,746,373,373,746,ITF,ITF4,16,Puglia
2024-12-06,PUG,507,270,237,507,ITF,ITF4,16,Puglia
2024-11-20,CAL,71,32,39,71,ITF,ITF6,18,Calabria
2024-10-04,LOM,671,322,349,671,ITC,ITC4,3,Lombardia
2024-11-27,SIC,171,96,75,171,ITG,ITG1,19,Sicilia
2025-01-10,LOM,436,163,273,436,ITC,ITC4,3,Lombardia
2024-12-20,MAR,99,52,47,99,ITI,ITI3,11,Marche
2024-10-30,UMB,18,9,9,18,ITI,ITI2,10,Umbria
2024-11-04,LIG,186,91,95,186,ITC,ITC3,7,Liguria
2024-10-29,SAR,154,88,66,154,ITG,ITG2,20,Sardegna
2024-11-20,PAT,376,177,199,376,ITH,ITH2,4,Provincia Autonoma Trento
2024-11-02,LOM,2057,993,1064,2057,ITC,ITC4,3,Lombardia
2024-10-29,VEN,2174,1071,1103,2174,ITH,ITH3,5,Veneto
2024-11-29,EMR,2177,1009,1168,2177,ITH,ITH5,8,Emilia-Romagna
2024-11-09,FVG,458,239,219,458,ITH,ITH4,6,Friuli-Venezia Giulia
2024-11-17,LAZ,43,22,21,43,ITI,ITI4,12,Lazio
2025-01-07,LAZ,67,34,33,67,ITI,ITI4,12,Lazio
2024-12-12,PIE,615,292,323,615,ITC,ITC1,1,Piemonte
2024-12-17,FVG,246,114,132,246,ITH,ITH4,6,Friuli-Venezia Giulia
2024-12-06,PAT,108,33,75,108,ITH,ITH2,4,Provincia Autonoma Trento
2024-11-30,LAZ,243,109,134,243,ITI,ITI4,12,Lazio
2024-12-31,LOM,90,49,41,90,ITC,ITC4,3,Lombardia
2025-01-03,FVG,39,23,16,39,ITH,ITH4,6,Friuli-Venezia Giulia
2024-11-03,SAR,13,6,7,13,ITG,ITG2,20,Sardegna
2024-12-13,LAZ,569,250,319,569,ITI,ITI4,12,Lazio
2024-12-22,LOM,16,8,8,16,ITC,ITC4,3,Lombardia
2024-12-06,VEN,1006,422,584,1006,ITH,ITH3,5,Veneto
2024-10-28,FVG,337,160,177,337,ITH,ITH4,6,Friuli-Venezia Giulia
2024-10-21,LOM,8377,4164,4213,8377,ITC,ITC4,3,Lombardia
2024-10-31,VDA,88,39,49,88,ITC,ITC2,2,Valle d'Aosta / Vallée d'Aoste
2024-11-13,TOS,2599,1237,1362,2599,ITI,ITI1,9,Toscana
2024-11-04,CAM,106,61,45,106,ITF,ITF3,15,Campania
2024-10-07,FVG,4,1,3,4,ITH,ITH4,6,Friuli-Venezia Giulia
2024-11-06,MOL,12,4,8,12,ITF,ITF2,14,Molise
2024-11-26,CAL,62,30,32,62,ITF,ITF6,18,Calabria
2024-10-22,FVG,265,132,133,265,ITH,ITH4,6,Friuli-Venezia Giulia
2024-12-14,TOS,68,38,30,68,ITI,ITI1,9,Toscana
2025-01-14,LOM,214,94,120,214,ITC,ITC4,3,Lombardia
2024-10-21,EMR,2754,1315,1439,2754,ITH,ITH5,8,Emilia-Romagna
2024-11-09,LOM,5349,2614,2735,5349,ITC,ITC4,3,Lombardia
2024-10-13,LOM,194,96,98,194,ITC,ITC4,3,Lombardia
2024-12-02,EMR,1234,598,636,1234,ITH,ITH5,8,Emilia-Romagna
2024-12-07,LOM,588,302,286,588,ITC,ITC4,3,Lombardia
2024-10-04,EMR,114,33,81,114,ITH,ITH5,8,Emilia-Romagna
2024-10-11,SIC,11,6,5,11,ITG,ITG1,19,Sicilia
2024-12-18,PIE,505,223,282,505,ITC,ITC1,1,Piemonte
2024-10-19,EMR,1450,702,748,1450,ITH,ITH5,8,Emilia-Romagna
2024-12-13,BAS,23,9,14,23,ITF,ITF5,17,Basilicata
2024-10-22,UMB,18,10,8,18,ITI,ITI2,10,Umbria
2024-12-03,UMB,6,4,2,6,ITI,ITI2,10,Umbria
2024-10-31,ABR,170,86,84,170,ITF,ITF1,13,Abruzzo
2024-11-16,MOL,20,11,9,20,ITF,ITF2,14,Molise
2024-12-12,CAM,57,35,22,57,ITF,ITF3,15,Campania
2024-12-27,VDA,5,3,2,5,ITC,ITC2,2,Valle d'Aosta / Vallée d'Aoste
2024-11-23,UMB,1,1,0,1,ITI,ITI2,10,Umbria
2024-10-02,EMR,15,7,8,15,ITH,ITH5,8,Emilia-Romagna
2025-01-15,LIG,23,8,15,23,ITC,ITC3,7,Liguria
2024-10-29,UMB,23,14,9,23,ITI,ITI2,10,Umbria
2024-09-24,LIG,8,4,4,8,ITC,ITC3,7,Liguria
2024-11-17,BAS,9,5,4,9,ITF,ITF5,17,Basilicata
2024-11-25,MOL,6,3,3,6,ITF,ITF2,14,Molise
2024-11-03,VEN,1,0,1,1,ITH,ITH3,5,Veneto
2024-12-06,SAR,4,1,3,4,ITG,ITG2,20,Sardegna
2025-01-10,ABR,3,2,1,3,ITF,ITF1,13,Abruzzo
2024-10-05,VDA,1,0,1,1,ITC,ITC2,2,Valle d'Aosta / Vallée d'Aoste
2025-01-13,MOL,1,1,0,1,ITF,ITF2,14,Molise
2024-12-06,LAZ,888,441,447,888,ITI,ITI4,12,Lazio
2024-10-24,EMR,5781,2781,3000,5781,ITH,ITH5,8,Emilia-Romagna
2024-11-18,SAR,212,99,113,212,ITG,ITG2,20,Sardegna
2024-10-30,MAR,456,220,236,456,ITI,ITI3,11,Marche
2024-12-23,PIE,166,77,89,166,ITC,ITC1,1,Piemonte
2024-12-27,PIE,56,23,33,56,ITC,ITC1,1,Piemonte
2024-11-21,SIC,201,109,92,201,ITG,ITG1,19,Sicilia
2024-11-08,PAB,366,178,188,366,ITH,ITH1,4,Provincia Autonoma Bolzano / Bozen
2024-11-11,CAM,168,99,69,168,ITF,ITF3,15,Campania
2024-10-01,LOM,398,224,174,398,ITC,ITC4,3,Lombardia
2024-10-05,PUG,29,24,5,29,ITF,ITF4,16,Puglia
2024-11-12,MOL,13,10,3,13,ITF,ITF2,14,Molise
2025-01-15,PAT,14,5,9,14,ITH,ITH2,4,Provincia Autonoma Trento
2024-11-25,ABR,157,77,80,157,ITF,ITF1,13,Abruzzo
2024-12-11,TOS,583,280,303,583,ITI,ITI1,9,Toscana
2024-11-04,ABR,259,140,119,259,ITF,ITF1,13,Abruzzo
2024-11-25,CAL,137,74,63,137,ITF,ITF6,18,Calabria
2024-12-29,LOM,28,10,18,28,ITC,ITC4,3,Lombardia
2024-11-17,LOM,497,233,264,497,ITC,ITC4,3,Lombardia
2024-10-30,PUG,573,297,276,573,ITF,ITF4,16,Puglia
2024-10-09,LIG,102,54,48,102,ITC,ITC3,7,Liguria
2024-12-20,CAL,18,10,8,18,ITF,ITF6,18,Calabria
2024-11-08,SIC,176,96,80,176,ITG,ITG1,19,Sicilia
2024-10-26,PUG,49,28,21,49,ITF,ITF4,16,Puglia
2024-11-17,VEN,6,3,3,6,ITH,ITH3,5,Veneto
2024-12-31,LAZ,9,4,5,9,ITI,ITI4,12,Lazio
2024-10-16,TOS,1391,644,747,1391,ITI,ITI1,9,Toscana
2024-09-27,LIG,19,14,5,19,ITC,ITC3,7,Liguria
2024-12-20,ABR,47,21,26,47,ITF,ITF1,13,Abruzzo
2024-10-29,TOS,2556,1177,1379,2556,ITI,ITI1,9,Toscana
2024-11-27,EMR,3140,1464,1676,3140,ITH,ITH5,8,Emilia-Romagna
2024-11-07,LIG,905,439,466,905,ITC,ITC3,7,Liguria
2024-10-11,LAZ,351,193,158,351,ITI,ITI4,12,Lazio
2024-10-21,PAB,224,124,100,224,ITH,ITH1,4,Provincia Autonoma Bolzano / Bozen
2024-10-24,VDA,135,68,67,135,ITC,ITC2,2,Valle d'Aosta / Vallée d'Aoste
2025-01-06,LOM,2,1,1,2,ITC,ITC4,3,Lombardia
2024-10-22,CAM,74,44,30,74,ITF,ITF3,15,Campania
2024-10-17,PIE,678,346,332,678,ITC,ITC1,1,Piemonte
2024-11-25,FVG,540,260,280,540,ITH,ITH4,6,Friuli-Venezia Giulia
2025-01-10,LAZ,70,28,42,70,ITI,ITI4,12,Lazio
2024-10-18,FVG,225,112,113,225,ITH,ITH4,6,Friuli-Venezia Giulia
2024-10-23,CAL,19,12,7,19,ITF,ITF6,18,Calabria
2025-01-03,PUG,52,31,21,52,ITF,ITF4,16,Puglia
2024-12-30,LIG,22,10,12,22,ITC,ITC3,7,Liguria
2024-11-11,PAB,243,117,126,243,ITH,ITH1,4,Provincia Autonoma Bolzano / Bozen
2024-11-16,LAZ,441,233,208,441,ITI,ITI4,12,Lazio
2024-11-27,VEN,1804,886,918,1804,ITH,ITH3,5,Veneto
2024-11-22,VDA,61,33,28,61,ITC,ITC2,2,Valle d'Aosta / Vallée d'Aoste
2024-10-08,ABR,12,5,7,12,ITF,ITF1,13,Abruzzo
2024-11-09,MAR,341,169,172,341,ITI,ITI3,11,Marche
2024-10-11,TOS,701,309,392,701,ITI,ITI1,9,Toscana
2024-11-29,LOM,3406,1567,1839,3406,ITC,ITC4,3,Lombardia
2024-12-21,EMR,131,57,74,131,ITH,ITH5,8,Emilia-Romagna
2024-12-19,CAM,67,36,31,67,ITF,ITF3,15,Campania
2024-10-12,TOS,266,118,148,266,ITI,ITI1,9,Toscana
2024-10-15,SAR,57,22,35,57,ITG,ITG2,20,Sardegna
2024-09-23,LIG,7,5,2,7,ITC,ITC3,7,Liguria
2024-12-13,TOS,599,273,326,599,ITI,ITI1,9,Toscana
2024-12-12,VDA,22,7,15,22,ITC,ITC2,2,Valle d'Aosta / Vallée d'Aoste
2024-10-23,FVG,467,237,230,467,ITH,ITH4,6,Friuli-Venezia Giulia
2024-11-09,TOS,920,442,478,920,ITI,ITI1,9,Toscana
2024-11-18,MAR,213,109,104,213,ITI,ITI3,11,Marche
2024-11-23,PAT,30,14,16,30,ITH,ITH2,4,Provincia Autonoma Trento
2024-10-03,PAT,25,15,10,25,ITH,ITH2,4,Provincia Autonoma Trento
2024-11-04,UMB,46,25,21,46,ITI,ITI2,10,Umbria
2024-11-28,VEN,1887,884,1003,1887,ITH,ITH3,5,Veneto
2024-10-17,SAR,99,45,54,99,ITG,ITG2,20,Sardegna
2024-11-22,FVG,1027,468,559,1027,ITH,ITH4,6,Friuli-Venezia Giulia
2024-11-12,VDA,79,47,32,79,ITC,ITC2,2,Valle d'Aosta / Vallée d'Aoste
2024-11-23,PUG,86,48,38,86,ITF,ITF4,16,Puglia
2024-11-05,PUG,728,395,333,728,ITF,ITF4,16,Puglia
2024-11-06,MAR,652,309,343,652,ITI,ITI3,11,Marche
2024-10-07,LOM,1036,507,529,1036,ITC,ITC4,3,Lombardia
2024-12-09,FVG,238,106,132,238,ITH,ITH4,6,Friuli-Venezia Giulia
2024-09-24,LOM,62,33,29,62,ITC,ITC4,3,Lombardia
2024-11-26,TOS,1451,673,778,1451,ITI,ITI1,9,Toscana
2024-12-17,MAR,73,37,36,73,ITI,ITI3,11,Marche
2024-11-14,LIG,851,380,471,851,ITC,ITC3,7,Liguria
2024-11-10,SIC,1,0,1,1,ITG,ITG1,19,Sicilia
2024-11-28,PUG,674,334,340,674,ITF,ITF4,16,Puglia
2024-10-17,ABR,221,131,90,221,ITF,ITF1,13,Abruzzo
2024-11-28,EMR,2857,1396,1461,2857,ITH,ITH5,8,Emilia-Romagna
2024-11-11,LIG,415,206,209,415,ITC,ITC3,7,Liguria
2025-01-02,FVG,12,8,4,12,ITH,ITH4,6,Friuli-Venezia Giulia
2024-10-04,VDA,5,3,2,5,ITC,ITC2,2,Valle d'Aosta / Vallée d'Aoste
2024-12-16,FVG,240,101,139,240,ITH,ITH4,6,Friuli-Venezia Giulia
2025-01-09,MAR,8,2,6,8,ITI,ITI3,11,Marche
2024-10-19,PAT,54,27,27,54,ITH,ITH2,4,Provincia Autonoma Trento
2024-12-11,LAZ,1052,517,535,1052,ITI,ITI4,12,Lazio
2024-11-26,LAZ,1190,512,678,1190,ITI,ITI4,12,Lazio
2024-11-20,LOM,5634,2493,3141,5634,ITC,ITC4,3,Lombardia
2024-11-13,PUG,776,402,374,776,ITF,ITF4,16,Puglia
2024-10-19,PUG,53,20,33,53,ITF,ITF4,16,Puglia
2024-10-25,SIC,76,42,34,76,ITG,ITG1,19,Sicilia
2024-12-20,LOM,931,400,531,931,ITC,ITC4,3,Lombardia
2024-11-13,PAT,434,218,216,434,ITH,ITH2,4,Provincia Autonoma Trento
2024-12-18,LOM,1204,460,744,1204,ITC,ITC4,3,Lombardia
2024-11-20,FVG,621,303,318,621,ITH,ITH4,6,Friuli-Venezia Giulia
2024-11-02,PUG,29,12,17,29,ITF,ITF4,16,Puglia
2024-10-30,PAT,141,52,89,141,ITH,ITH2,4,Provincia Autonoma Trento
2025-01-10,TOS,75,31,44,75,ITI,ITI1,9,Toscana
2024-11-18,VDA,16,4,12,16,ITC,ITC2,2,Valle d'Aosta / Vallée d'Aoste
2024-10-03,PUG,14,9,5,14,ITF,ITF4,16,Puglia
2024-10-28,LAZ,652,322,330,652,ITI,ITI4,12,Lazio
2024-11-21,FVG,843,414,429,843,ITH,ITH4,6,Friuli-Venezia Giulia
2024-12-06,LOM,1968,821,1147,1968,ITC,ITC4,3,Lombardia
2024-12-14,EMR,270,120,150,270,ITH,ITH5,8,Emilia-Romagna
2024-11-02,TOS,192,96,96,192,ITI,ITI1,9,Toscana
2024-10-14,LIG,238,128,110,238,ITC,ITC3,7,Liguria
2024-12-27,MAR,19,10,9,19,ITI,ITI3,11,Marche
2024-10-01,SIC,1,0,1,1,ITG,ITG1,19,Sicilia
2025-01-14,MOL,1,1,0,1,ITF,ITF2,14,Molise
2024-12-24,PIE,17,4,13,17,ITC,ITC1,1,Piemonte
2024-11-11,UMB,28,10,18,28,ITI,ITI2,10,Umbria
2025-01-04,MAR,6,2,4,6,ITI,ITI3,11,Marche
2025-01-12,LAZ,3,3,0,3,ITI,ITI4,12,Lazio
2025-01-04,SIC,10,6,4,10,ITG,ITG1,19,Sicilia
2025-01-13,MAR,4,2,2,4,ITI,ITI3,11,Marche
2024-12-27,MOL,2,1,1,2,ITF,ITF2,14,Molise
2024-10-03,CAM,7,6,1,7,ITF,ITF3,15,Campania
2024-11-24,PUG,10,5,5,10,ITF,ITF4,16,Puglia
2024-12-09,VDA,4,1,3,4,ITC,ITC2,2,Valle d'Aosta / Vallée d'Aoste
2024-12-20,SAR,1,1,0,1,ITG,ITG2,20,Sardegna
2024-09-29,EMR,2,1,1,2,ITH,ITH5,8,Emilia-Romagna
2025-01-13,SIC,5,4,1,5,ITG,ITG1,19,Sicilia
2024-11-08,PUG,773,385,388,773,ITF,ITF4,16,Puglia
2024-11-12,PUG,838,436,402,838,ITF,ITF4,16,Puglia
2024-11-04,PAT,284,140,144,284,ITH,ITH2,4,Provincia Autonoma Trento
2024-12-07,BAS,24,11,13,24,ITF,ITF5,17,Basilicata
2024-11-12,PAT,434,202,232,434,ITH,ITH2,4,Provincia Autonoma Trento
2024-11-14,SAR,270,138,132,270,ITG,ITG2,20,Sardegna
2024-10-09,PUG,61,41,20,61,ITF,ITF4,16,Puglia
2025-01-07,LOM,142,66,76,142,ITC,ITC4,3,Lombardia
2024-10-04,LAZ,63,37,26,63,ITI,ITI4,12,Lazio
2024-10-21,MAR,131,74,57,131,ITI,ITI3,11,Marche
2024-12-07,PUG,235,122,113,235,ITF,ITF4,16,Puglia
2024-12-08,PUG,35,16,19,35,ITF,ITF4,16,Puglia
2024-12-23,CAM,21,11,10,21,ITF,ITF3,15,Campania
2024-12-05,VDA,20,8,12,20,ITC,ITC2,2,Valle d'Aosta / Vallée d'Aoste
2024-10-14,PAT,36,19,17,36,ITH,ITH2,4,Provincia Autonoma Trento
2024-12-16,LOM,1051,455,596,1051,ITC,ITC4,3,Lombardia
2024-11-04,PUG,356,188,168,356,ITF,ITF4,16,Puglia
2024-12-07,PAT,18,7,11,18,ITH,ITH2,4,Provincia Autonoma Trento
2024-11-25,PAB,137,65,72,137,ITH,ITH1,4,Provincia Autonoma Bolzano / Bozen
2024-10-14,PUG,161,88,73,161,ITF,ITF4,16,Puglia
2024-12-19,EMR,819,396,423,819,ITH,ITH5,8,Emilia-Romagna
2024-12-13,LIG,200,95,105,200,ITC,ITC3,7,Liguria
2024-11-27,FVG,717,321,396,717,ITH,ITH4,6,Friuli-Venezia Giulia
2024-12-13,PAB,50,26,24,50,ITH,ITH1,4,Provincia Autonoma Bolzano / Bozen
2024-12-23,MAR,60,19,41,60,ITI,ITI3,11,Marche
2024-10-08,PUG,29,20,9,29,ITF,ITF4,16,Puglia
2024-11-26,SIC,199,105,94,199,ITG,ITG1,19,Sicilia
2024-11-25,TOS,1444,696,748,1444,ITI,ITI1,9,Toscana
2025-01-02,TOS,17,8,9,17,ITI,ITI1,9,Toscana
2024-12-28,LOM,121,58,63,121,ITC,ITC4,3,Lombardia
2024-11-11,EMR,3133,1477,1656,3133,ITH,ITH5,8,Emilia-Romagna
2025-01-14,LAZ,78,34,44,78,ITI,ITI4,12,Lazio
2024-11-18,PAT,71,35,36,71,ITH,ITH2,4,Provincia Autonoma Trento
2024-10-08,PAT,17,10,7,17,ITH,ITH2,4,Provincia Autonoma Trento
2024-11-30,LOM,1488,712,776,1488,ITC,ITC4,3,Lombardia
2024-11-26,VEN,1765,826,939,1765,ITH,ITH3,5,Veneto
2024-12-04,CAL,42,22,20,42,ITF,ITF6,18,Calabria
2024-11-27,UMB,71,40,31,71,ITI,ITI2,10,Umbria
2024-11-28,UMB,53,26,27,53,ITI,ITI2,10,Umbria
2024-10-16,PAB,410,223,187,410,ITH,ITH1,4,Provincia Autonoma Bolzano / Bozen
2024-10-09,PAT,53,26,27,53,ITH,ITH2,4,Provincia Autonoma Trento
2024-11-28,FVG,766,344,422,766,ITH,ITH4,6,Friuli-Venezia Giulia
2024-10-24,PAT,671,265,406,671,ITH,ITH2,4,Provincia Autonoma Trento
2024-12-11,PIE,715,365,350,715,ITC,ITC1,1,Piemonte
2025-01-09,LOM,310,123,187,310,ITC,ITC4,3,Lombardia
2024-12-09,VEN,555,231,324,555,ITH,ITH3,5,Veneto
2024-11-13,PIE,1785,824,961,1785,ITC,ITC1,1,Piemonte
2024-11-23,MAR,68,36,32,68,ITI,ITI3,11,Marche
2024-10-24,PUG,367,189,178,367,ITF,ITF4,16,Puglia
2024-12-10,LOM,1947,798,1149,1947,ITC,ITC4,3,Lombardia
2024-11-26,FVG,482,219,263,482,ITH,ITH4,6,Friuli-Venezia Giulia
2024-10-15,MAR,44,22,22,44,ITI,ITI3,11,Marche
2024-11-02,SIC,24,15,9,24,ITG,ITG1,19,Sicilia
2024-11-27,LIG,625,285,340,625,ITC,ITC3,7,Liguria
2024-11-27,PAB,99,35,64,99,ITH,ITH1,4,Provincia Autonoma Bolzano / Bozen
2024-12-01,PUG,8,3,5,8,ITF,ITF4,16,Puglia
2024-12-30,TOS,96,43,53,96,ITI,ITI1,9,Toscana
2024-09-27,PIE,10,6,4,10,ITC,ITC1,1,Piemonte
2025-01-11,PIE,22,12,10,22,ITC,ITC1,1,Piemonte
2024-11-25,EMR,2135,983,1152,2135,ITH,ITH5,8,Emilia-Romagna
2024-10-22,EMR,5110,2487,2623,5110,ITH,ITH5,8,Emilia-Romagna
2024-11-30,FVG,203,76,127,203,ITH,ITH4,6,Friuli-Venezia Giulia
2024-12-21,LAZ,38,19,19,38,ITI,ITI4,12,Lazio
2024-12-15,VEN,2,1,1,2,ITH,ITH3,5,Veneto
2025-01-02,EMR,45,20,25,45,ITH,ITH5,8,Emilia-Romagna
2024-10-16,LIG,466,258,208,466,ITC,ITC3,7,Liguria
2024-10-23,LAZ,1741,897,844,1741,ITI,ITI4,12,Lazio
2024-11-21,EMR,4062,1936,2126,4062,ITH,ITH5,8,Emilia-Romagna
2024-11-07,VEN,2808,1369,1439,2808,ITH,ITH3,5,Veneto
2024-12-02,CAL,63,36,27,63,ITF,ITF6,18,Calabria
2024-10-15,CAM,65,37,28,65,ITF,ITF3,15,Campania
2024-10-30,VDA,186,85,101,186,ITC,ITC2,2,Valle d'Aosta / Vallée d'Aoste
2024-11-13,VDA,139,75,64,139,ITC,ITC2,2,Valle d'Aosta / Vallée d'Aoste
2024-11-05,MAR,766,377,389,766,ITI,ITI3,11,Marche
2024-11-18,PUG,515,240,275,515,ITF,ITF4,16,Puglia
2024-12-22,PUG,27,12,15,27,ITF,ITF4,16,Puglia
2024-12-14,ABR,28,8,20,28,ITF,ITF1,13,Abruzzo
2025-01-15,VDA,13,8,5,13,ITC,ITC2,2,Valle d'Aosta / Vallée d'Aoste
2024-12-03,VEN,1189,550,639,1189,ITH,ITH3,5,Veneto
2024-12-11,ABR,68,34,34,68,ITF,ITF1,13,Abruzzo
2024-12-09,LAZ,564,249,315,564,ITI,ITI4,12,Lazio
2024-11-15,BAS,51,33,18,51,ITF,ITF5,17,Basilicata
2024-12-07,LAZ,199,94,105,199,ITI,ITI4,12,Lazio
2024-12-04,SAR,53,27,26,53,ITG,ITG2,20,Sardegna
2025-01-08,LAZ,65,30,35,65,ITI,ITI4,12,Lazio
2024-10-19,ABR,14,7,7,14,ITF,ITF1,13,Abruzzo
2024-11-24,ABR,7,5,2,7,ITF,ITF1,13,Abruzzo
2024-10-04,PAT,4,3,1,4,ITH,ITH2,4,Provincia Autonoma Trento
2024-10-18,TOS,1900,919,981,1900,ITI,ITI1,9,Toscana
2024-10-29,LIG,796,392,404,796,ITC,ITC3,7,Liguria
2024-11-20,VEN,2043,1006,1037,2043,ITH,ITH3,5,Veneto
2024-10-26,FVG,253,129,124,253,ITH,ITH4,6,Friuli-Venezia Giulia
2024-10-11,PIE,232,113,119,232,ITC,ITC1,1,Piemonte
2024-11-05,VDA,65,29,36,65,ITC,ITC2,2,Valle d'Aosta / Vallée d'Aoste
2024-10-27,LAZ,60,27,33,60,ITI,ITI4,12,Lazio
2024-11-04,MOL,27,11,16,27,ITF,ITF2,14,Molise
2024-11-13,ABR,26,11,15,26,ITF,ITF1,13,Abruzzo
2024-10-08,SIC,5,3,2,5,ITG,ITG1,19,Sicilia
2024-11-01,PUG,7,3,4,7,ITF,ITF4,16,Puglia
2024-11-16,EMR,1953,916,1037,1953,ITH,ITH5,8,Emilia-Romagna
2024-12-05,LOM,2706,1174,1532,2706,ITC,ITC4,3,Lombardia
2024-12-04,SIC,151,80,71,151,ITG,ITG1,19,Sicilia
2024-10-19,MAR,87,46,41,87,ITI,ITI3,11,Marche
2024-12-16,VEN,331,141,190,331,ITH,ITH3,5,Veneto
2024-12-12,PUG,362,182,180,362,ITF,ITF4,16,Puglia
2024-11-24,MAR,8,4,4,8,ITI,ITI3,11,Marche
2024-09-30,CAM,7,5,2,7,ITF,ITF3,15,Campania
2024-10-14,SAR,46,28,18,46,ITG,ITG2,20,Sardegna
2024-12-06,BAS,37,24,13,37,ITF,ITF5,17,Basilicata
2024-11-02,FVG,45,22,23,45,ITH,ITH4,6,Friuli-Venezia Giulia
2024-12-01,SIC,4,3,1,4,ITG,ITG1,19,Sicilia
2024-10-19,VDA,31,13,18,31,ITC,ITC2,2,Valle d'Aosta / Vallée d'Aoste
2024-10-10,SAR,41,24,17,41,ITG,ITG2,20,Sardegna
2024-11-13,VEN,2822,1344,1478,2822,ITH,ITH3,5,Veneto
2024-10-18,LOM,6412,3164,3248,6412,ITC,ITC4,3,Lombardia
2024-12-23,LAZ,92,44,48,92,ITI,ITI4,12,Lazio
2024-10-18,CAL,35,19,16,35,ITF,ITF6,18,Calabria
2024-12-07,MAR,26,13,13,26,ITI,ITI3,11,Marche
2024-11-16,PUG,347,191,156,347,ITF,ITF4,16,Puglia
2024-12-19,TOS,376,171,205,376,ITI,ITI1,9,Toscana
2024-10-25,LAZ,1364,678,686,1364,ITI,ITI4,12,Lazio
2024-10-18,VEN,1958,1025,933,1958,ITH,ITH3,5,Veneto
2024-11-11,MAR,408,188,220,408,ITI,ITI3,11,Marche
2025-01-02,VEN,41,15,26,41,ITH,ITH3,5,Veneto
2024-11-24,FVG,5,3,2,5,ITH,ITH4,6,Friuli-Venezia Giulia
2024-11-26,EMR,3274,1549,1725,3274,ITH,ITH5,8,Emilia-Romagna
2024-11-25,PUG,454,230,224,454,ITF,ITF4,16,Puglia
2024-10-09,TOS,279,135,144,279,ITI,ITI1,9,Toscana
2024-10-29,MAR,438,222,216,438,ITI,ITI3,11,Marche
2024-10-30,VEN,2557,1187,1370,2557,ITH,ITH3,5,Veneto
2024-11-13,SAR,357,201,156,357,ITG,ITG2,20,Sardegna
2024-12-12,FVG,244,126,118,244,ITH,ITH4,6,Friuli-Venezia Giulia
2025-01-08,PIE,124,64,60,124,ITC,ITC1,1,Piemonte
2024-12-24,LOM,209,92,117,209,ITC,ITC4,3,Lombardia
2024-09-26,LAZ,9,6,3,9,ITI,ITI4,12,Lazio
2024-11-05,LAZ,1776,833,943,1776,ITI,ITI4,12,Lazio
2024-10-14,EMR,1967,942,1025,1967,ITH,ITH5,8,Emilia-Romagna
2024-11-21,MAR,631,307,324,631,ITI,ITI3,11,Marche
2024-10-19,LAZ,645,326,319,645,ITI,ITI4,12,Lazio
2024-11-03,LOM,224,114,110,224,ITC,ITC4,3,Lombardia
2024-10-15,SIC,20,14,6,20,ITG,ITG1,19,Sicilia
2024-11-19,LIG,756,366,390,756,ITC,ITC3,7,Liguria
2024-11-25,SAR,126,59,67,126,ITG,ITG2,20,Sardegna
2024-11-25,VEN,1083,499,584,1083,ITH,ITH3,5,Veneto
2024-11-23,EMR,1022,462,560,1022,ITH,ITH5,8,Emilia-Romagna
2024-10-30,FVG,587,276,311,587,ITH,ITH4,6,Friuli-Venezia Giulia
2024-10-16,FVG,137,60,77,137,ITH,ITH4,6,Friuli-Venezia Giulia
2024-12-11,SIC,188,91,97,188,ITG,ITG1,19,Sicilia
2024-10-26,MAR,478,249,229,478,ITI,ITI3,11,Marche
2024-11-13,UMB,78,37,41,78,ITI,ITI2,10,Umbria
2024-12-05,BAS,35,15,20,35,ITF,ITF5,17,Basilicata
2024-12-04,PIE,683,319,364,683,ITC,ITC1,1,Piemonte
2024-10-30,SAR,164,75,89,164,ITG,ITG2,20,Sardegna
2024-12-03,EMR,1793,839,954,1793,ITH,ITH5,8,Emilia-Romagna
2024-10-01,LAZ,10,5,5,10,ITI,ITI4,12,Lazio
2024-12-18,LIG,349,164,185,349,ITC,ITC3,7,Liguria
2024-11-02,ABR,17,9,8,17,ITF,ITF1,13,Abruzzo
2024-12-14,PAT,15,7,8,15,ITH,ITH2,4,Provincia Autonoma Trento
2024-12-21,CAM,23,13,10,23,ITF,ITF3,15,Campania
2024-10-23,CAM,74,45,29,74,ITF,ITF3,15,Campania
2024-12-14,PUG,58,29,29,58,ITF,ITF4,16,Puglia
2025-01-14,EMR,152,78,74,152,ITH,ITH5,8,Emilia-Romagna
2024-12-22,ABR,2,1,1,2,ITF,ITF1,13,Abruzzo
2024-10-18,SAR,88,43,45,88,ITG,ITG2,20,Sardegna
2025-01-13,PUG,24,10,14,24,ITF,ITF4,16,Puglia
2024-12-10,MAR,189,101,88,189,ITI,ITI3,11,Marche
2024-11-20,EMR,4200,2029,2171,4200,ITH,ITH5,8,Emilia-Romagna
2024-10-15,LAZ,492,244,248,492,ITI,ITI4,12,Lazio
2024-11-22,SIC,232,121,111,232,ITG,ITG1,19,Sicilia
2024-11-22,LAZ,1256,594,662,1256,ITI,ITI4,12,Lazio
2024-11-26,ABR,238,121,117,238,ITF,ITF1,13,Abruzzo
2024-12-16,TOS,289,129,160,289,ITI,ITI1,9,Toscana
2024-09-27,SAR,5,4,1,5,ITG,ITG2,20,Sardegna
2024-12-01,CAM,4,3,1,4,ITF,ITF3,15,Campania
2024-11-15,MOL,43,19,24,43,ITF,ITF2,14,Molise
2024-11-19,FVG,833,381,452,833,ITH,ITH4,6,Friuli-Venezia Giulia
2024-10-03,TOS,60,12,48,60,ITI,ITI1,9,Toscana
2024-10-17,PUG,314,171,143,314,ITF,ITF4,16,Puglia
2024-10-24,PIE,1556,799,757,1556,ITC,ITC1,1,Piemonte
2024-10-23,PIE,1641,770,871,1641,ITC,ITC1,1,Piemonte
2024-12-16,PIE,383,184,199,383,ITC,ITC1,1,Piemonte
2024-10-16,PUG,280,154,126,280,ITF,ITF4,16,Puglia
2025-01-08,CAM,34,17,17,34,ITF,ITF3,15,Campania
2024-12-24,LIG,20,14,6,20,ITC,ITC3,7,Liguria
2025-01-02,LOM,171,79,92,171,ITC,ITC4,3,Lombardia
2024-11-02,MAR,206,100,106,206,ITI,ITI3,11,Marche
2024-10-16,PAT,349,195,154,349,ITH,ITH2,4,Provincia Autonoma Trento
2024-09-27,LOM,100,52,48,100,ITC,ITC4,3,Lombardia
2024-10-17,PAT,173,95,78,173,ITH,ITH2,4,Provincia Autonoma Trento
2024-09-30,LAZ,30,19,11,30,ITI,ITI4,12,Lazio
2024-10-26,ABR,6,2,4,6,ITF,ITF1,13,Abruzzo
2024-12-07,ABR,6,4,2,6,ITF,ITF1,13,Abruzzo
2024-09-27,VEN,21,13,8,21,ITH,ITH3,5,Veneto
2024-09-30,SIC,5,2,3,5,ITG,ITG1,19,Sicilia
2025-01-03,MAR,4,3,1,4,ITI,ITI3,11,Marche
2024-12-18,PAB,11,7,4,11,ITH,ITH1,4,Provincia Autonoma Bolzano / Bozen
2024-12-20,VDA,6,1,5,6,ITC,ITC2,2,Valle d'Aosta / Vallée d'Aoste
2024-11-30,MOL,9,3,6,9,ITF,ITF2,14,Molise
2024-10-12,LIG,10,6,4,10,ITC,ITC3,7,Liguria
2024-12-15,TOS,4,3,1,4,ITI,ITI1,9,Toscana
2024-10-28,VDA,84,30,54,84,ITC,ITC2,2,Valle d'Aosta / Vallée d'Aoste
2024-12-22,MAR,11,5,6,11,ITI,ITI3,11,Marche
2024-12-25,VDA,4,1,3,4,ITC,ITC2,2,Valle d'Aosta / Vallée d'Aoste
2024-10-17,CAL,8,6,2,8,ITF,ITF6,18,Calabria
2024-11-27,MOL,4,3,1,4,ITF,ITF2,14,Molise
2024-10-31,BAS,1,1,0,1,ITF,ITF5,17,Basilicata
2024-12-24,CAM,4,2,2,4,ITF,ITF3,15,Campania
2024-09-19,TOS,7,3,4,7,ITI,ITI1,9,Toscana
2024-11-28,MOL,1,0,1,1,ITF,ITF2,14,Molise
2025-01-03,VDA,1,0,1,1,ITC,ITC2,2,Valle d'Aosta / Vallée d'Aoste
2025-01-13,PAT,2,0,2,2,ITH,ITH2,4,Provincia Autonoma Trento
2024-12-08,LOM,79,30,49,79,ITC,ITC4,3,Lombardia
2024-10-07,EMR,546,242,304,546,ITH,ITH5,8,Emilia-Romagna
2024-11-21,PAT,339,154,185,339,ITH,ITH2,4,Provincia Autonoma Trento
2024-11-04,LOM,6651,3156,3495,6651,ITC,ITC4,3,Lombardia
2024-10-25,TOS,2639,1219,1420,2639,ITI,ITI1,9,Toscana
2024-12-12,PAT,40,21,19,40,ITH,ITH2,4,Provincia Autonoma Trento
2024-10-18,ABR,71,44,27,71,ITF,ITF1,13,Abruzzo
2024-10-22,PUG,402,214,188,402,ITF,ITF4,16,Puglia
2024-12-28,FVG,1,1,0,1,ITH,ITH4,6,Friuli-Venezia Giulia
2024-10-04,FVG,61,25,36,61,ITH,ITH4,6,Friuli-Venezia Giulia
2024-11-06,LAZ,1988,1000,988,1988,ITI,ITI4,12,Lazio
2025-01-15,VEN,98,41,57,98,ITH,ITH3,5,Veneto
2024-12-27,LAZ,128,59,69,128,ITI,ITI4,12,Lazio
2024-10-22,PAT,443,194,249,443,ITH,ITH2,4,Provincia Autonoma Trento
2024-12-16,ABR,104,49,55,104,ITF,ITF1,13,Abruzzo
2024-10-21,TOS,1530,716,814,1530,ITI,ITI1,9,Toscana
2024-11-11,FVG,742,340,402,742,ITH,ITH4,6,Friuli-Venezia Giulia
2024-10-22,LIG,700,357,343,700,ITC,ITC3,7,Liguria
2024-10-22,PAB,462,246,216,462,ITH,ITH1,4,Provincia Autonoma Bolzano / Bozen
2024-11-04,SIC,84,50,34,84,ITG,ITG1,19,Sicilia
2024-11-16,BAS,31,15,16,31,ITF,ITF5,17,Basilicata
2024-11-08,ABR,186,89,97,186,ITF,ITF1,13,Abruzzo
2024-12-11,CAM,94,49,45,94,ITF,ITF3,15,Campania
2024-11-08,PAT,543,267,276,543,ITH,ITH2,4,Provincia Autonoma Trento
2024-11-25,SIC,123,61,62,123,ITG,ITG1,19,Sicilia
2024-11-01,EMR,258,115,143,258,ITH,ITH5,8,Emilia-Romagna
2025-01-09,PIE,92,39,53,92,ITC,ITC1,1,Piemonte
2024-10-01,PAT,11,4,7,11,ITH,ITH2,4,Provincia Autonoma Trento
2024-12-17,LOM,1229,478,751,1229,ITC,ITC4,3,Lombardia
2024-11-21,MOL,5,3,2,5,ITF,ITF2,14,Molise
2024-11-25,MAR,178,91,87,178,ITI,ITI3,11,Marche
2024-11-28,LAZ,1316,597,719,1316,ITI,ITI4,12,Lazio
2024-10-01,PUG,14,5,9,14,ITF,ITF4,16,Puglia
2024-12-13,SAR,11,6,5,11,ITG,ITG2,20,Sardegna
2024-11-01,VEN,47,21,26,47,ITH,ITH3,5,Veneto
2024-12-13,VEN,725,335,390,725,ITH,ITH3,5,Veneto
2024-11-21,LIG,847,412,435,847,ITC,ITC3,7,Liguria
2024-12-15,FVG,36,9,27,36,ITH,ITH4,6,Friuli-Venezia Giulia
2024-10-26,VEN,6192,3220,2972,6192,ITH,ITH3,5,Veneto
2024-10-25,PUG,359,194,165,359,ITF,ITF4,16,Puglia
2024-12-19,MAR,85,44,41,85,ITI,ITI3,11,Marche
2024-11-18,ABR,134,61,73,134,ITF,ITF1,13,Abruzzo
2024-12-03,CAM,116,48,68,116,ITF,ITF3,15,Campania
2024-10-25,ABR,152,78,74,152,ITF,ITF1,13,Abruzzo
2025-01-14,PUG,14,8,6,14,ITF,ITF4,16,Puglia
2024-10-28,UMB,7,3,4,7,ITI,ITI2,10,Umbria
2024-12-08,MAR,11,7,4,11,ITI,ITI3,11,Marche
2024-10-29,PAB,35,15,20,35,ITH,ITH1,4,Provincia Autonoma Bolzano / Bozen
2024-11-14,LOM,7040,3225,3815,7040,ITC,ITC4,3,Lombardia
2024-10-31,PAB,484,246,238,484,ITH,ITH1,4,Provincia Autonoma Bolzano / Bozen
2024-11-28,SIC,166,81,85,166,ITG,ITG1,19,Sicilia
2024-09-26,PUG,4,2,2,4,ITF,ITF4,16,Puglia
2025-01-16,MAR,9,3,6,9,ITI,ITI3,11,Marche
2024-11-08,BAS,6,2,4,6,ITF,ITF5,17,Basilicata
2024-11-04,LAZ,1231,556,675,1231,ITI,ITI4,12,Lazio
2024-11-15,LOM,6424,2967,3457,6424,ITC,ITC4,3,Lombardia
2024-11-10,EMR,528,244,284,528,ITH,ITH5,8,Emilia-Romagna
2024-12-02,LIG,315,119,196,315,ITC,ITC3,7,Liguria
2024-10-30,SIC,58,31,27,58,ITG,ITG1,19,Sicilia
2024-10-24,ABR,124,69,55,124,ITF,ITF1,13,Abruzzo
2024-10-11,CAM,31,19,12,31,ITF,ITF3,15,Campania
2024-12-17,CAM,61,31,30,61,ITF,ITF3,15,Campania
2024-11-23,SIC,101,58,43,101,ITG,ITG1,19,Sicilia
2024-11-21,UMB,23,9,14,23,ITI,ITI2,10,Umbria
2024-12-23,PAT,65,21,44,65,ITH,ITH2,4,Provincia Autonoma Trento
2024-12-10,LIG,474,205,269,474,ITC,ITC3,7,Liguria
2024-11-10,LOM,701,337,364,701,ITC,ITC4,3,Lombardia
2024-11-26,CAM,144,73,71,144,ITF,ITF3,15,Campania
2024-12-10,PAB,78,41,37,78,ITH,ITH1,4,Provincia Autonoma Bolzano / Bozen
2024-11-23,LIG,83,36,47,83,ITC,ITC3,7,Liguria
2024-12-18,MAR,61,28,33,61,ITI,ITI3,11,Marche
2024-11-09,CAM,69,37,32,69,ITF,ITF3,15,Campania
2024-10-15,PUG,284,151,133,284,ITF,ITF4,16,Puglia
2024-12-10,MOL,6,4,2,6,ITF,ITF2,14,Molise
2024-10-31,EMR,3732,1739,1993,3732,ITH,ITH5,8,Emilia-Romagna
2024-11-27,MAR,208,98,110,208,ITI,ITI3,11,Marche
2024-12-23,PUG,79,44,35,79,ITF,ITF4,16,Puglia
2024-11-02,VEN,286,130,156,286,ITH,ITH3,5,Veneto
2024-12-02,PAB,107,56,51,107,ITH,ITH1,4,Provincia Autonoma Bolzano / Bozen
2024-10-14,CAM,38,24,14,38,ITF,ITF3,15,Campania
2024-10-02,TOS,30,8,22,30,ITI,ITI1,9,Toscana
2025-01-10,VEN,219,78,141,219,ITH,ITH3,5,Veneto
2024-10-17,VDA,130,57,73,130,ITC,ITC2,2,Valle d'Aosta / Vallée d'Aoste
2025-01-15,LAZ,72,27,45,72,ITI,ITI4,12,Lazio
2025-01-07,EMR,127,71,56,127,ITH,ITH5,8,Emilia-Romagna
2024-10-10,VDA,31,13,18,31,ITC,ITC2,2,Valle d'Aosta / Vallée d'Aoste
2024-11-30,EMR,817,380,437,817,ITH,ITH5,8,Emilia-Romagna
2024-11-29,TOS,1565,697,868,1565,ITI,ITI1,9,Toscana
2024-10-13,LAZ,12,6,6,12,ITI,ITI4,12,Lazio
2024-10-17,LAZ,762,374,388,762,ITI,ITI4,12,Lazio
2024-12-13,CAL,37,22,15,37,ITF,ITF6,18,Calabria
2024-11-12,CAM,90,53,37,90,ITF,ITF3,15,Campania
2024-12-13,EMR,1019,489,530,1019,ITH,ITH5,8,Emilia-Romagna
2024-11-21,SAR,202,101,101,202,ITG,ITG2,20,Sardegna
2024-09-18,CAM,4,1,3,4,ITF,ITF3,15,Campania
2024-12-02,MOL,5,3,2,5,ITF,ITF2,14,Molise
2024-10-08,VDA,32,14,18,32,ITC,ITC2,2,Valle d'Aosta / Vallée d'Aoste
2024-11-21,PAB,288,136,152,288,ITH,ITH1,4,Provincia Autonoma Bolzano / Bozen
2025-01-09,CAM,19,10,9,19,ITF,ITF3,15,Campania
2024-11-25,LAZ,895,422,473,895,ITI,ITI4,12,Lazio
2024-11-07,FVG,1067,501,566,1067,ITH,ITH4,6,Friuli-Venezia Giulia
2024-12-04,UMB,32,17,15,32,ITI,ITI2,10,Umbria
2024-11-14,CAM,122,78,44,122,ITF,ITF3,15,Campania
2024-11-14,CAL,69,39,30,69,ITF,ITF6,18,Calabria
2024-10-23,SIC,39,24,15,39,ITG,ITG1,19,Sicilia
2024-11-22,MOL,4,4,0,4,ITF,ITF2,14,Molise
2024-12-30,CAM,20,10,10,20,ITF,ITF3,15,Campania
2024-10-02,PUG,39,16,23,39,ITF,ITF4,16,Puglia
2024-10-03,MAR,12,6,6,12,ITI,ITI3,11,Marche
2024-10-20,MAR,1,1,0,1,ITI,ITI3,11,Marche
2025-01-15,SIC,3,1,2,3,ITG,ITG1,19,Sicilia
2024-12-14,VDA,5,0,5,5,ITC,ITC2,2,Valle d'Aosta / Vallée d'Aoste
2024-10-09,BAS,8,5,3,8,ITF,ITF5,17,Basilicata
2024-12-30,PAT,10,4,6,10,ITH,ITH2,4,Provincia Autonoma Trento
2024-11-06,BAS,6,5,1,6,ITF,ITF5,17,Basilicata
2024-09-30,EMR,10,4,6,10,ITH,ITH5,8,Emilia-Romagna
2024-09-30,SAR,12,8,4,12,ITG,ITG2,20,Sardegna
2024-11-22,UMB,20,10,10,20,ITI,ITI2,10,Umbria
2024-11-01,ABR,11,5,6,11,ITF,ITF1,13,Abruzzo
2024-09-21,LAZ,1,0,1,1,ITI,ITI4,12,Lazio
2024-11-16,ABR,2,1,1,2,ITF,ITF1,13,Abruzzo
2025-01-11,LIG,1,1,0,1,ITC,ITC3,7,Liguria
2025-01-04,ABR,1,1,0,1,ITF,ITF1,13,Abruzzo
2024-12-12,MOL,1,0,1,1,ITF,ITF2,14,Molise
2024-12-28,LIG,1,0,1,1,ITC,ITC3,7,Liguria
2024-10-27,VDA,1,1,0,1,ITC,ITC2,2,Valle d'Aosta / Vallée d'Aoste
2024-10-02,CAL,4,1,3,4,ITF,ITF6,18,Calabria
2024-11-28,CAM,138,73,65,138,ITF,ITF3,15,Campania
2024-12-25,EMR,2,0,2,2,ITH,ITH5,8,Emilia-Romagna
2024-12-08,ABR,2,1,1,2,ITF,ITF1,13,Abruzzo
2025-01-03,PAT,1,1,0,1,ITH,ITH2,4,Provincia Autonoma Trento
2024-11-10,VDA,1,1,0,1,ITC,ITC2,2,Valle d'Aosta / Vallée d'Aoste
2024-11-20,BAS,40,22,18,40,ITF,ITF5,17,Basilicata
2024-10-22,CAL,18,12,6,18,ITF,ITF6,18,Calabria
2024-12-16,PUG,204,107,97,204,ITF,ITF4,16,Puglia
2024-11-21,ABR,231,130,101,231,ITF,ITF1,13,Abruzzo
2025-01-15,LOM,236,86,150,236,ITC,ITC4,3,Lombardia
2024-10-18,PAT,532,250,282,532,ITH,ITH2,4,Provincia Autonoma Trento
2024-12-11,FVG,243,108,135,243,ITH,ITH4,6,Friuli-Venezia Giulia
2024-12-19,PIE,430,184,246,430,ITC,ITC1,1,Piemonte
2024-11-19,VDA,38,13,25,38,ITC,ITC2,2,Valle d'Aosta / Vallée d'Aoste
2024-12-18,SAR,53,22,31,53,ITG,ITG2,20,Sardegna
2024-10-22,ABR,153,82,71,153,ITF,ITF1,13,Abruzzo
2024-10-29,FVG,379,172,207,379,ITH,ITH4,6,Friuli-Venezia Giulia
2024-11-05,EMR,4865,2335,2530,4865,ITH,ITH5,8,Emilia-Romagna
2024-12-07,FVG,58,20,38,58,ITH,ITH4,6,Friuli-Venezia Giulia
2024-11-30,PAT,18,10,8,18,ITH,ITH2,4,Provincia Autonoma Trento
2024-11-25,BAS,31,17,14,31,ITF,ITF5,17,Basilicata
2024-12-23,TOS,22,12,10,22,ITI,ITI1,9,Toscana
2024-12-16,BAS,29,15,14,29,ITF,ITF5,17,Basilicata
2024-11-14,LAZ,1677,816,861,1677,ITI,ITI4,12,Lazio
2024-11-07,LAZ,1875,876,999,1875,ITI,ITI4,12,Lazio
2024-12-03,MAR,276,135,141,276,ITI,ITI3,11,Marche
2025-01-03,VEN,70,33,37,70,ITH,ITH3,5,Veneto
2024-10-16,VDA,223,111,112,223,ITC,ITC2,2,Valle d'Aosta / Vallée d'Aoste
2024-12-16,CAM,118,65,53,118,ITF,ITF3,15,Campania
2024-12-09,PIE,488,225,263,488,ITC,ITC1,1,Piemonte
2025-01-03,EMR,156,71,85,156,ITH,ITH5,8,Emilia-Romagna
2024-11-28,PAB,128,63,65,128,ITH,ITH1,4,Provincia Autonoma Bolzano / Bozen
2024-12-24,SIC,21,10,11,21,ITG,ITG1,19,Sicilia
2024-10-19,LOM,4623,2356,2267,4623,ITC,ITC4,3,Lombardia
2024-11-09,VDA,78,40,38,78,ITC,ITC2,2,Valle d'Aosta / Vallée d'Aoste
2024-10-30,LOM,7981,3780,4201,7981,ITC,ITC4,3,Lombardia
2024-10-06,LOM,2173,1109,1064,2173,ITC,ITC4,3,Lombardia
2024-10-28,TOS,2001,937,1064,2001,ITI,ITI1,9,Toscana
2024-10-09,LAZ,211,103,108,211,ITI,ITI4,12,Lazio
2025-01-14,LIG,68,23,45,68,ITC,ITC3,7,Liguria
2024-11-28,LOM,3515,1602,1913,3515,ITC,ITC4,3,Lombardia
2024-12-30,LAZ,67,27,40,67,ITI,ITI4,12,Lazio
2024-12-19,ABR,36,18,18,36,ITF,ITF1,13,Abruzzo
2024-10-12,VDA,24,15,9,24,ITC,ITC2,2,Valle d'Aosta / Vallée d'Aoste
2024-10-31,FVG,554,269,285,554,ITH,ITH4,6,Friuli-Venezia Giulia
2024-12-19,CAL,15,7,8,15,ITF,ITF6,18,Calabria
2024-12-05,CAM,82,42,40,82,ITF,ITF3,15,Campania
2024-11-20,ABR,141,66,75,141,ITF,ITF1,13,Abruzzo
2024-10-03,LOM,473,236,237,473,ITC,ITC4,3,Lombardia
2024-11-23,LOM,2939,1415,1524,2939,ITC,ITC4,3,Lombardia
2024-09-27,LAZ,10,4,6,10,ITI,ITI4,12,Lazio
2024-12-09,BAS,65,23,42,65,ITF,ITF5,17,Basilicata
2024-12-14,LIG,81,39,42,81,ITC,ITC3,7,Liguria
2024-12-10,PAT,53,29,24,53,ITH,ITH2,4,Provincia Autonoma Trento
2024-10-03,ABR,2,1,1,2,ITF,ITF1,13,Abruzzo
2024-11-21,PIE,1637,800,837,1637,ITC,ITC1,1,Piemonte
2024-12-10,PUG,576,288,288,576,ITF,ITF4,16,Puglia
2024-11-04,PIE,1352,654,698,1352,ITC,ITC1,1,Piemonte
2025-01-09,SIC,17,10,7,17,ITG,ITG1,19,Sicilia
2024-11-25,PIE,1056,471,585,1056,ITC,ITC1,1,Piemonte
2024-11-13,CAM,162,83,79,162,ITF,ITF3,15,Campania
2024-12-04,CAM,122,63,59,122,ITF,ITF3,15,Campania
2024-12-06,ABR,94,49,45,94,ITF,ITF1,13,Abruzzo
2024-11-22,BAS,43,15,28,43,ITF,ITF5,17,Basilicata
2024-10-20,PAB,1,0,1,1,ITH,ITH1,4,Provincia Autonoma Bolzano / Bozen
2024-11-29,UMB,17,7,10,17,ITI,ITI2,10,Umbria
2024-10-17,EMR,4098,2007,2091,4098,ITH,ITH5,8,Emilia-Romagna
2024-12-02,ABR,85,45,40,85,ITF,ITF1,13,Abruzzo
2024-10-20,VEN,28,13,15,28,ITH,ITH3,5,Veneto
2024-11-05,CAM,131,80,51,131,ITF,ITF3,15,Campania
2025-01-07,TOS,43,21,22,43,ITI,ITI1,9,Toscana
2025-01-01,EMR,15,9,6,15,ITH,ITH5,8,Emilia-Romagna
2024-11-20,PIE,1525,670,855,1525,ITC,ITC1,1,Piemonte
2024-11-05,LOM,8789,4237,4552,8789,ITC,ITC4,3,Lombardia
2024-12-10,CAM,89,46,43,89,ITF,ITF3,15,Campania
2024-10-30,CAM,104,59,45,104,ITF,ITF3,15,Campania
2024-11-30,PUG,143,60,83,143,ITF,ITF4,16,Puglia
2024-12-21,LIG,20,10,10,20,ITC,ITC3,7,Liguria
2024-11-04,SAR,192,97,95,192,ITG,ITG2,20,Sardegna
2024-12-15,MAR,1,0,1,1,ITI,ITI3,11,Marche
2024-12-06,FVG,484,235,249,484,ITH,ITH4,6,Friuli-Venezia Giulia
2024-11-15,TOS,2401,1143,1258,2401,ITI,ITI1,9,Toscana
2024-10-26,LOM,6396,3183,3213,6396,ITC,ITC4,3,Lombardia
2024-10-22,PIE,1289,598,691,1289,ITC,ITC1,1,Piemonte
2024-11-16,TOS,784,350,434,784,ITI,ITI1,9,Toscana
2024-12-18,UMB,20,12,8,20,ITI,ITI2,10,Umbria
2024-10-22,SAR,170,75,95,170,ITG,ITG2,20,Sardegna
2024-12-03,SIC,158,77,81,158,ITG,ITG1,19,Sicilia
2024-10-01,LIG,23,13,10,23,ITC,ITC3,7,Liguria
2024-10-18,PUG,302,158,144,302,ITF,ITF4,16,Puglia
2024-10-14,LAZ,464,247,217,464,ITI,ITI4,12,Lazio
2024-11-06,SIC,105,56,49,105,ITG,ITG1,19,Sicilia
2024-10-08,SAR,22,12,10,22,ITG,ITG2,20,Sardegna
2024-12-15,VDA,1,1,0,1,ITC,ITC2,2,Valle d'Aosta / Vallée d'Aoste
2024-10-31,CAL,58,38,20,58,ITF,ITF6,18,Calabria
2024-12-16,PAT,23,9,14,23,ITH,ITH2,4,Provincia Autonoma Trento
2024-09-25,LAZ,16,8,8,16,ITI,ITI4,12,Lazio
2024-10-11,VDA,96,49,47,96,ITC,ITC2,2,Valle d'Aosta / Vallée d'Aoste
2024-10-10,LIG,53,25,28,53,ITC,ITC3,7,Liguria
2024-09-30,FVG,22,11,11,22,ITH,ITH4,6,Friuli-Venezia Giulia
2024-09-21,LOM,33,15,18,33,ITC,ITC4,3,Lombardia
2024-11-21,CAL,62,35,27,62,ITF,ITF6,18,Calabria
2024-12-08,PIE,9,4,5,9,ITC,ITC1,1,Piemonte
2024-12-27,SIC,40,23,17,40,ITG,ITG1,19,Sicilia
2024-12-24,EMR,32,14,18,32,ITH,ITH5,8,Emilia-Romagna
2024-11-29,SAR,25,11,14,25,ITG,ITG2,20,Sardegna
2024-09-28,LOM,85,44,41,85,ITC,ITC4,3,Lombardia
2024-12-13,VDA,29,11,18,29,ITC,ITC2,2,Valle d'Aosta / Vallée d'Aoste
2024-10-29,CAL,58,35,23,58,ITF,ITF6,18,Calabria
2025-01-07,PUG,23,15,8,23,ITF,ITF4,16,Puglia
2025-01-03,LOM,263,107,156,263,ITC,ITC4,3,Lombardia
2024-10-07,SAR,29,13,16,29,ITG,ITG2,20,Sardegna
2024-11-03,PUG,1,1,0,1,ITF,ITF4,16,Puglia
2025-01-11,ABR,2,1,1,2,ITF,ITF1,13,Abruzzo
2024-10-11,SAR,22,11,11,22,ITG,ITG2,20,Sardegna
2024-12-10,LAZ,648,318,330,648,ITI,ITI4,12,Lazio
2024-10-24,SAR,120,70,50,120,ITG,ITG2,20,Sardegna
2024-10-22,SIC,50,27,23,50,ITG,ITG1,19,Sicilia
2024-10-18,SIC,47,26,21,47,ITG,ITG1,19,Sicilia
2024-12-06,VDA,21,11,10,21,ITC,ITC2,2,Valle d'Aosta / Vallée d'Aoste
2024-12-03,BAS,27,16,11,27,ITF,ITF5,17,Basilicata
2024-10-25,PIE,2383,1180,1203,2383,ITC,ITC1,1,Piemonte
2024-10-09,LOM,1824,859,965,1824,ITC,ITC4,3,Lombardia
2024-12-04,LIG,434,207,227,434,ITC,ITC3,7,Liguria
2024-12-15,PIE,61,34,27,61,ITC,ITC1,1,Piemonte
2024-11-08,VEN,2593,1259,1334,2593,ITH,ITH3,5,Veneto
2024-12-05,LAZ,863,406,457,863,ITI,ITI4,12,Lazio
2024-10-21,PUG,306,153,153,306,ITF,ITF4,16,Puglia
2024-11-06,EMR,6173,2940,3233,6173,ITH,ITH5,8,Emilia-Romagna
2024-10-08,TOS,199,83,116,199,ITI,ITI1,9,Toscana
2024-12-18,VDA,18,6,12,18,ITC,ITC2,2,Valle d'Aosta / Vallée d'Aoste
2024-11-20,LAZ,1525,743,782,1525,ITI,ITI4,12,Lazio
2024-10-23,LIG,571,306,265,571,ITC,ITC3,7,Liguria
2024-12-04,MAR,130,62,68,130,ITI,ITI3,11,Marche
2024-12-06,MAR,119,63,56,119,ITI,ITI3,11,Marche
2024-12-14,FVG,51,20,31,51,ITH,ITH4,6,Friuli-Venezia Giulia
2024-10-25,CAL,27,15,12,27,ITF,ITF6,18,Calabria
2024-10-21,CAL,20,14,6,20,ITF,ITF6,18,Calabria
2025-01-04,VEN,7,2,5,7,ITH,ITH3,5,Veneto
2024-10-19,LIG,94,43,51,94,ITC,ITC3,7,Liguria
2024-10-28,PIE,1226,593,633,1226,ITC,ITC1,1,Piemonte
2024-12-11,PAB,12,7,5,12,ITH,ITH1,4,Provincia Autonoma Bolzano / Bozen
2024-12-15,LOM,102,53,49,102,ITC,ITC4,3,Lombardia
2024-11-16,LOM,4480,2162,2318,4480,ITC,ITC4,3,Lombardia
2024-12-11,VEN,858,385,473,858,ITH,ITH3,5,Veneto
2024-10-22,LAZ,1229,640,589,1229,ITI,ITI4,12,Lazio
2024-12-06,TOS,865,406,459,865,ITI,ITI1,9,Toscana
2024-11-11,PIE,1339,640,699,1339,ITC,ITC1,1,Piemonte
2024-11-15,FVG,860,443,417,860,ITH,ITH4,6,Friuli-Venezia Giulia
2024-10-29,SIC,120,66,54,120,ITG,ITG1,19,Sicilia
2025-01-04,EMR,7,4,3,7,ITH,ITH5,8,Emilia-Romagna
2025-01-03,TOS,35,18,17,35,ITI,ITI1,9,Toscana
2024-11-07,CAM,164,93,71,164,ITF,ITF3,15,Campania
2024-10-10,PUG,115,72,43,115,ITF,ITF4,16,Puglia
2024-11-09,MOL,28,16,12,28,ITF,ITF2,14,Molise
2024-12-20,TOS,291,138,153,291,ITI,ITI1,9,Toscana
2024-12-11,UMB,40,21,19,40,ITI,ITI2,10,Umbria
2025-01-08,MAR,3,1,2,3,ITI,ITI3,11,Marche
2024-12-10,SIC,126,58,68,126,ITG,ITG1,19,Sicilia
2024-10-09,EMR,1249,616,633,1249,ITH,ITH5,8,Emilia-Romagna
2024-10-24,PAB,637,336,301,637,ITH,ITH1,4,Provincia Autonoma Bolzano / Bozen
2024-11-06,ABR,248,130,118,248,ITF,ITF1,13,Abruzzo
2024-10-10,CAM,18,10,8,18,ITF,ITF3,15,Campania
2024-12-09,MAR,68,27,41,68,ITI,ITI3,11,Marche
2024-11-06,LOM,8750,4140,4610,8750,ITC,ITC4,3,Lombardia
2024-11-08,EMR,6001,2857,3144,6001,ITH,ITH5,8,Emilia-Romagna
2024-11-08,UMB,43,19,24,43,ITI,ITI2,10,Umbria
2024-12-02,SIC,106,59,47,106,ITG,ITG1,19,Sicilia
2025-01-04,LOM,58,27,31,58,ITC,ITC4,3,Lombardia
2024-11-29,LAZ,1061,500,561,1061,ITI,ITI4,12,Lazio
2025-01-02,LAZ,50,29,21,50,ITI,ITI4,12,Lazio
2024-11-22,LIG,398,191,207,398,ITC,ITC3,7,Liguria
2024-11-08,SAR,289,160,129,289,ITG,ITG2,20,Sardegna
2024-10-23,MAR,537,282,255,537,ITI,ITI3,11,Marche
2025-01-08,LIG,96,45,51,96,ITC,ITC3,7,Liguria
2024-12-21,FVG,4,2,2,4,ITH,ITH4,6,Friuli-Venezia Giulia
2024-12-13,UMB,14,7,7,14,ITI,ITI2,10,Umbria
2024-10-25,VEN,2312,1148,1164,2312,ITH,ITH3,5,Veneto
2024-10-28,PAB,218,89,129,218,ITH,ITH1,4,Provincia Autonoma Bolzano / Bozen
2024-11-05,TOS,2394,1082,1312,2394,ITI,ITI1,9,Toscana
2024-11-20,VDA,104,44,60,104,ITC,ITC2,2,Valle d'Aosta / Vallée d'Aoste
2024-12-23,LOM,482,221,261,482,ITC,ITC4,3,Lombardia
2024-11-13,MAR,639,311,328,639,ITI,ITI3,11,Marche
2024-12-05,LIG,512,247,265,512,ITC,ITC3,7,Liguria
2025-01-13,LOM,194,88,106,194,ITC,ITC4,3,Lombardia
2024-11-18,PAB,235,110,125,235,ITH,ITH1,4,Provincia Autonoma Bolzano / Bozen
2024-12-28,SIC,10,9,1,10,ITG,ITG1,19,Sicilia
2024-11-18,VEN,1399,659,740,1399,ITH,ITH3,5,Veneto
2024-10-11,VEN,911,484,427,911,ITH,ITH3,5,Veneto
2024-11-16,VEN,1621,831,790,1621,ITH,ITH3,5,Veneto
2024-10-20,TOS,44,18,26,44,ITI,ITI1,9,Toscana
2024-10-09,VEN,562,283,279,562,ITH,ITH3,5,Veneto
2024-12-05,SIC,157,77,80,157,ITG,ITG1,19,Sicilia
2024-10-24,VEN,2228,1035,1193,2228,ITH,ITH3,5,Veneto
2024-10-07,TOS,178,88,90,178,ITI,ITI1,9,Toscana
2024-11-07,PIE,2275,1085,1190,2275,ITC,ITC1,1,Piemonte
2024-12-11,LIG,464,168,296,464,ITC,ITC3,7,Liguria
2024-10-04,MOL,6,4,2,6,ITF,ITF2,14,Molise
2024-12-09,LIG,217,107,110,217,ITC,ITC3,7,Liguria
2024-11-15,CAL,46,24,22,46,ITF,ITF6,18,Calabria
2024-12-30,VEN,49,14,35,49,ITH,ITH3,5,Veneto
2024-11-22,PAB,236,113,123,236,ITH,ITH1,4,Provincia Autonoma Bolzano / Bozen
2024-12-30,PIE,102,40,62,102,ITC,ITC1,1,Piemonte
2024-10-24,UMB,56,28,28,56,ITI,ITI2,10,Umbria
2024-11-08,LOM,7842,3738,4104,7842,ITC,ITC4,3,Lombardia
2024-10-19,TOS,558,265,293,558,ITI,ITI1,9,Toscana
2024-10-25,LOM,8509,4067,4442,8509,ITC,ITC4,3,Lombardia
2024-11-15,CAM,114,64,50,114,ITF,ITF3,15,Campania
2024-12-17,PIE,538,234,304,538,ITC,ITC1,1,Piemonte
2024-12-18,FVG,157,73,84,157,ITH,ITH4,6,Friuli-Venezia Giulia
2025-01-13,VEN,77,30,47,77,ITH,ITH3,5,Veneto
2024-09-30,LIG,59,33,26,59,ITC,ITC3,7,Liguria
2024-10-09,SAR,19,10,9,19,ITG,ITG2,20,Sardegna
2024-11-14,BAS,56,30,26,56,ITF,ITF5,17,Basilicata
2024-11-03,MAR,1,1,0,1,ITI,ITI3,11,Marche
2025-01-02,SIC,18,8,10,18,ITG,ITG1,19,Sicilia
2025-01-10,MOL,1,0,1,1,ITF,ITF2,14,Molise
2024-11-03,LAZ,9,3,6,9,ITI,ITI4,12,Lazio
2024-12-11,SAR,32,16,16,32,ITG,ITG2,20,Sardegna
2024-10-10,PAT,8,4,4,8,ITH,ITH2,4,Provincia Autonoma Trento
2024-11-16,SAR,2,1,1,2,ITG,ITG2,20,Sardegna
2024-11-26,BAS,29,14,15,29,ITF,ITF5,17,Basilicata
2024-10-10,PIE,90,50,40,90,ITC,ITC1,1,Piemonte
2024-10-11,MOL,6,2,4,6,ITF,ITF2,14,Molise
2024-12-13,MOL,4,2,2,4,ITF,ITF2,14,Molise
2024-11-18,UMB,12,7,5,12,ITI,ITI2,10,Umbria
2024-12-04,PAB,33,17,16,33,ITH,ITH1,4,Provincia Autonoma Bolzano / Bozen
2024-10-04,PUG,21,12,9,21,ITF,ITF4,16,Puglia
2024-12-27,PAB,2,1,1,2,ITH,ITH1,4,Provincia Autonoma Bolzano / Bozen
2024-10-01,PIE,5,3,2,5,ITC,ITC1,1,Piemonte
2024-11-23,CAL,6,1,5,6,ITF,ITF6,18,Calabria
2024-11-23,VDA,1,1,0,1,ITC,ITC2,2,Valle d'Aosta / Vallée d'Aoste
2025-01-12,EMR,2,1,1,2,ITH,ITH5,8,Emilia-Romagna
2025-01-14,SAR,2,1,1,2,ITG,ITG2,20,Sardegna
2024-12-18,MOL,3,2,1,3,ITF,ITF2,14,Molise
2025-01-02,PAB,1,0,1,1,ITH,ITH1,4,Provincia Autonoma Bolzano / Bozen
2024-12-01,PAT,1,1,0,1,ITH,ITH2,4,Provincia Autonoma Trento
2024-09-27,TOS,1,0,1,1,ITI,ITI1,9,Toscana
2024-12-31,SIC,2,2,0,2,ITG,ITG1,19,Sicilia
2024-12-23,VDA,1,0,1,1,ITC,ITC2,2,Valle d'Aosta / Vallée d'Aoste
2024-11-24,VDA,1,1,0,1,ITC,ITC2,2,Valle d'Aosta / Vallée d'Aoste
2024-09-26,CAM,1,1,0,1,ITF,ITF3,15,Campania
2024-11-29,LIG,295,127,168,295,ITC,ITC3,7,Liguria
2024-11-29,PAB,118,59,59,118,ITH,ITH1,4,Provincia Autonoma Bolzano / Bozen
2024-12-20,MOL,2,2,0,2,ITF,ITF2,14,Molise
2024-10-31,LOM,7408,3505,3903,7408,ITC,ITC4,3,Lombardia
2024-11-21,VEN,2504,1203,1301,2504,ITH,ITH3,5,Veneto
2024-12-02,PIE,741,369,372,741,ITC,ITC1,1,Piemonte
2024-11-18,EMR,2673,1246,1427,2673,ITH,ITH5,8,Emilia-Romagna
2024-11-23,LAZ,406,205,201,406,ITI,ITI4,12,Lazio
2024-12-09,EMR,942,456,486,942,ITH,ITH5,8,Emilia-Romagna
2025-01-11,LOM,82,49,33,82,ITC,ITC4,3,Lombardia
2024-12-03,PAB,167,86,81,167,ITH,ITH1,4,Provincia Autonoma Bolzano / Bozen
2024-12-02,TOS,761,361,400,761,ITI,ITI1,9,Toscana
2024-10-31,LIG,664,340,324,664,ITC,ITC3,7,Liguria
2024-10-25,UMB,39,16,23,39,ITI,ITI2,10,Umbria
2024-11-15,VDA,99,46,53,99,ITC,ITC2,2,Valle d'Aosta / Vallée d'Aoste
2024-09-23,LOM,17,8,9,17,ITC,ITC4,3,Lombardia
2025-01-10,LIG,54,25,29,54,ITC,ITC3,7,Liguria
2024-12-21,ABR,31,12,19,31,ITF,ITF1,13,Abruzzo
2024-11-22,VEN,2439,1167,1272,2439,ITH,ITH3,5,Veneto
2024-10-21,CAM,55,35,20,55,ITF,ITF3,15,Campania
2024-12-03,TOS,845,393,452,845,ITI,ITI1,9,Toscana
2024-10-27,ABR,25,14,11,25,ITF,ITF1,13,Abruzzo
2024-11-22,SAR,153,70,83,153,ITG,ITG2,20,Sardegna
2024-12-30,LOM,230,98,132,230,ITC,ITC4,3,Lombardia
2024-09-30,PUG,8,5,3,8,ITF,ITF4,16,Puglia
2024-11-28,VDA,24,14,10,24,ITC,ITC2,2,Valle d'Aosta / Vallée d'Aoste
2024-12-28,PIE,11,2,9,11,ITC,ITC1,1,Piemonte
2024-10-10,EMR,1642,817,825,1642,ITH,ITH5,8,Emilia-Romagna
2024-12-21,MAR,27,14,13,27,ITI,ITI3,11,Marche
2024-11-14,PIE,2316,1071,1245,2316,ITC,ITC1,1,Piemonte
2024-11-22,PAT,218,110,108,218,ITH,ITH2,4,Provincia Autonoma Trento
2024-10-04,PIE,24,9,15,24,ITC,ITC1,1,Piemonte
2024-11-22,CAL,79,46,33,79,ITF,ITF6,18,Calabria
2024-11-12,PIE,1927,891,1036,1927,ITC,ITC1,1,Piemonte
2024-10-10,ABR,54,38,16,54,ITF,ITF1,13,Abruzzo
2024-11-22,PUG,839,416,423,839,ITF,ITF4,16,Puglia
2024-12-14,LAZ,181,83,98,181,ITI,ITI4,12,Lazio
2024-10-11,PAT,92,44,48,92,ITH,ITH2,4,Provincia Autonoma Trento
2024-12-10,VEN,860,396,464,860,ITH,ITH3,5,Veneto
2024-11-11,SAR,388,200,188,388,ITG,ITG2,20,Sardegna
2025-01-07,SIC,21,12,9,21,ITG,ITG1,19,Sicilia
2024-10-23,BAS,19,9,10,19,ITF,ITF5,17,Basilicata
2024-12-04,ABR,102,49,53,102,ITF,ITF1,13,Abruzzo
2024-11-13,SIC,162,88,74,162,ITG,ITG1,19,Sicilia
2024-11-11,VEN,1450,755,695,1450,ITH,ITH3,5,Veneto
2024-11-23,TOS,487,215,272,487,ITI,ITI1,9,Toscana
2024-11-14,PAB,367,163,204,367,ITH,ITH1,4,Provincia Autonoma Bolzano / Bozen
2024-10-11,PUG,126,66,60,126,ITF,ITF4,16,Puglia
2024-10-05,LOM,3998,2107,1891,3998,ITC,ITC4,3,Lombardia
2024-10-23,ABR,102,44,58,102,ITF,ITF1,13,Abruzzo
2024-10-21,LIG,340,161,179,340,ITC,ITC3,7,Liguria
2024-12-10,SAR,30,15,15,30,ITG,ITG2,20,Sardegna
2024-12-27,LOM,353,144,209,353,ITC,ITC4,3,Lombardia
2024-12-13,FVG,361,161,200,361,ITH,ITH4,6,Friuli-Venezia Giulia
2024-11-25,VDA,20,8,12,20,ITC,ITC2,2,Valle d'Aosta / Vallée d'Aoste
2024-10-28,MOL,33,14,19,33,ITF,ITF2,14,Molise
2024-11-13,LAZ,1931,922,1009,1931,ITI,ITI4,12,Lazio
2024-11-02,CAL,7,1,6,7,ITF,ITF6,18,Calabria
2024-10-02,CAM,19,12,7,19,ITF,ITF3,15,Campania
2024-10-15,FVG,30,17,13,30,ITH,ITH4,6,Friuli-Venezia Giulia
2024-11-15,ABR,55,22,33,55,ITF,ITF1,13,Abruzzo
2024-11-07,EMR,6432,3113,3319,6432,ITH,ITH5,8,Emilia-Romagna
2024-10-28,PAT,244,114,130,244,ITH,ITH2,4,Provincia Autonoma Trento
2024-11-17,FVG,13,4,9,13,ITH,ITH4,6,Friuli-Venezia Giulia
2024-12-14,BAS,12,10,2,12,ITF,ITF5,17,Basilicata
2024-12-17,TOS,311,145,166,311,ITI,ITI1,9,Toscana
2024-11-09,PIE,809,386,423,809,ITC,ITC1,1,Piemonte
2024-12-09,LOM,1579,683,896,1579,ITC,ITC4,3,Lombardia
2024-12-14,SIC,90,50,40,90,ITG,ITG1,19,Sicilia
2024-10-28,PUG,397,216,181,397,ITF,ITF4,16,Puglia
2025-01-07,MAR,10,7,3,10,ITI,ITI3,11,Marche
2024-12-11,PAT,249,99,150,249,ITH,ITH2,4,Provincia Autonoma Trento
2024-12-11,CAL,33,19,14,33,ITF,ITF6,18,Calabria
2024-11-07,LOM,8722,4038,4684,8722,ITC,ITC4,3,Lombardia
2024-10-22,TOS,2019,943,1076,2019,ITI,ITI1,9,Toscana
2024-12-13,PUG,465,215,250,465,ITF,ITF4,16,Puglia
2024-11-08,FVG,935,477,458,935,ITH,ITH4,6,Friuli-Venezia Giulia
2024-11-29,CAM,186,109,77,186,ITF,ITF3,15,Campania
2024-10-08,EMR,1282,647,635,1282,ITH,ITH5,8,Emilia-Romagna
2024-10-23,VDA,222,112,110,222,ITC,ITC2,2,Valle d'Aosta / Vallée d'Aoste
2024-12-17,PAB,72,40,32,72,ITH,ITH1,4,Provincia Autonoma Bolzano / Bozen
2024-12-15,EMR,58,21,37,58,ITH,ITH5,8,Emilia-Romagna
2024-11-05,UMB,30,14,16,30,ITI,ITI2,10,Umbria
2024-12-05,PIE,901,422,479,901,ITC,ITC1,1,Piemonte
2024-10-21,PIE,834,397,437,834,ITC,ITC1,1,Piemonte
2024-10-15,PAT,278,161,117,278,ITH,ITH2,4,Provincia Autonoma Trento
2024-12-11,PUG,520,265,255,520,ITF,ITF4,16,Puglia
2024-11-14,TOS,3005,1394,1611,3005,ITI,ITI1,9,Toscana
2024-10-30,LAZ,372,140,232,372,ITI,ITI4,12,Lazio
2024-12-09,ABR,98,48,50,98,ITF,ITF1,13,Abruzzo
2024-12-13,PAT,78,30,48,78,ITH,ITH2,4,Provincia Autonoma Trento
2024-12-05,UMB,39,22,17,39,ITI,ITI2,10,Umbria
2024-10-31,CAM,117,65,52,117,ITF,ITF3,15,Campania
2024-10-10,LOM,1836,847,989,1836,ITC,ITC4,3,Lombardia
2024-12-27,EMR,98,42,56,98,ITH,ITH5,8,Emilia-Romagna
2024-11-16,VDA,22,10,12,22,ITC,ITC2,2,Valle d'Aosta / Vallée d'Aoste
2025-01-09,TOS,62,29,33,62,ITI,ITI1,9,Toscana
2024-11-02,CAM,16,11,5,16,ITF,ITF3,15,Campania
2025-01-02,ABR,6,3,3,6,ITF,ITF1,13,Abruzzo
2024-10-26,CAL,12,7,5,12,ITF,ITF6,18,Calabria
2024-10-03,EMR,87,46,41,87,ITH,ITH5,8,Emilia-Romagna
2024-11-14,VDA,126,54,72,126,ITC,ITC2,2,Valle d'Aosta / Vallée d'Aoste
2024-10-20,PIE,6,2,4,6,ITC,ITC1,1,Piemonte
2024-11-23,PIE,676,357,319,676,ITC,ITC1,1,Piemonte
2024-11-25,LOM,3952,1859,2093,3952,ITC,ITC4,3,Lombardia
2024-11-19,TOS,1648,766,882,1648,ITI,ITI1,9,Toscana
2024-11-04,PAB,221,111,110,221,ITH,ITH1,4,Provincia Autonoma Bolzano / Bozen
2025-01-13,TOS,44,24,20,44,ITI,ITI1,9,Toscana
2025-01-09,LAZ,76,34,42,76,ITI,ITI4,12,Lazio
2024-11-03,ABR,26,13,13,26,ITF,ITF1,13,Abruzzo
2025-01-14,MAR,16,9,7,16,ITI,ITI3,11,Marche
2024-12-04,BAS,72,42,30,72,ITF,ITF5,17,Basilicata
2024-11-08,TOS,2869,1394,1475,2869,ITI,ITI1,9,Toscana
2024-11-07,VDA,166,93,73,166,ITC,ITC2,2,Valle d'Aosta / Vallée d'Aoste
2024-11-10,TOS,23,16,7,23,ITI,ITI1,9,Toscana
2024-12-03,LAZ,796,372,424,796,ITI,ITI4,12,Lazio
2024-11-11,SIC,120,69,51,120,ITG,ITG1,19,Sicilia
2024-09-25,LIG,27,17,10,27,ITC,ITC3,7,Liguria
2024-12-07,CAM,29,12,17,29,ITF,ITF3,15,Campania
2024-11-05,CAL,51,29,22,51,ITF,ITF6,18,Calabria
2024-10-12,PUG,37,16,21,37,ITF,ITF4,16,Puglia
2024-10-17,PAB,464,243,221,464,ITH,ITH1,4,Provincia Autonoma Bolzano / Bozen
2024-12-06,CAM,96,47,49,96,ITF,ITF3,15,Campania
2024-11-22,CAM,134,65,69,134,ITF,ITF3,15,Campania
2024-12-05,ABR,90,50,40,90,ITF,ITF1,13,Abruzzo
2024-11-20,CAM,172,99,73,172,ITF,ITF3,15,Campania
2024-12-19,PAT,81,36,45,81,ITH,ITH2,4,Provincia Autonoma Trento
2024-12-15,LAZ,12,6,6,12,ITI,ITI4,12,Lazio
2024-12-05,CAL,54,28,26,54,ITF,ITF6,18,Calabria
2024-10-14,VDA,67,31,36,67,ITC,ITC2,2,Valle d'Aosta / Vallée d'Aoste
2024-12-08,EMR,99,42,57,99,ITH,ITH5,8,Emilia-Romagna
2024-12-10,PIE,661,320,341,661,ITC,ITC1,1,Piemonte
2024-11-21,PUG,595,327,268,595,ITF,ITF4,16,Puglia
2024-10-13,EMR,59,21,38,59,ITH,ITH5,8,Emilia-Romagna
2024-12-19,PUG,341,175,166,341,ITF,ITF4,16,Puglia
2024-12-10,ABR,112,55,57,112,ITF,ITF1,13,Abruzzo
2024-12-19,VEN,397,186,211,397,ITH,ITH3,5,Veneto
2024-11-10,PUG,33,16,17,33,ITF,ITF4,16,Puglia
2024-11-14,MAR,735,356,379,735,ITI,ITI3,11,Marche
2024-12-17,LAZ,352,160,192,352,ITI,ITI4,12,Lazio
2024-12-10,CAL,41,23,18,41,ITF,ITF6,18,Calabria
2024-10-19,FVG,75,31,44,75,ITH,ITH4,6,Friuli-Venezia Giulia
2025-01-03,PIE,77,38,39,77,ITC,ITC1,1,Piemonte
2024-11-15,LIG,574,265,309,574,ITC,ITC3,7,Liguria
2024-11-19,PUG,872,427,445,872,ITF,ITF4,16,Puglia
2024-12-02,PAT,72,31,41,72,ITH,ITH2,4,Provincia Autonoma Trento
2024-12-09,CAM,83,47,36,83,ITF,ITF3,15,Campania
2024-10-09,VDA,47,26,21,47,ITC,ITC2,2,Valle d'Aosta / Vallée d'Aoste
2025-01-15,EMR,123,54,69,123,ITH,ITH5,8,Emilia-Romagna
2024-10-30,EMR,6124,2869,3255,6124,ITH,ITH5,8,Emilia-Romagna
2024-12-02,PUG,351,184,167,351,ITF,ITF4,16,Puglia
2024-10-19,PIE,349,161,188,349,ITC,ITC1,1,Piemonte
2024-11-10,PAT,8,4,4,8,ITH,ITH2,4,Provincia Autonoma Trento
2024-11-07,SIC,136,76,60,136,ITG,ITG1,19,Sicilia
2024-11-15,MAR,287,152,135,287,ITI,ITI3,11,Marche
2024-10-23,LOM,9015,4371,4644,9015,ITC,ITC4,3,Lombardia
2024-11-09,LAZ,776,366,410,776,ITI,ITI4,12,Lazio
2024-12-12,TOS,564,257,307,564,ITI,ITI1,9,Toscana
2024-11-13,BAS,57,31,26,57,ITF,ITF5,17,Basilicata
2024-12-09,PAT,82,30,52,82,ITH,ITH2,4,Provincia Autonoma Trento
2024-10-02,LIG,86,43,43,86,ITC,ITC3,7,Liguria
2024-10-07,VEN,247,125,122,247,ITH,ITH3,5,Veneto
2024-10-29,PUG,655,354,301,655,ITF,ITF4,16,Puglia
2024-12-10,BAS,25,12,13,25,ITF,ITF5,17,Basilicata
2024-11-30,CAL,26,11,15,26,ITF,ITF6,18,Calabria
2024-12-30,SIC,20,11,9,20,ITG,ITG1,19,Sicilia
2024-12-05,FVG,470,189,281,470,ITH,ITH4,6,Friuli-Venezia Giulia
2024-10-31,PUG,524,286,238,524,ITF,ITF4,16,Puglia
2024-11-04,VEN,1548,721,827,1548,ITH,ITH3,5,Veneto
2024-10-29,PAT,338,181,157,338,ITH,ITH2,4,Provincia Autonoma Trento
2024-12-23,LIG,189,83,106,189,ITC,ITC3,7,Liguria
2024-10-15,LIG,450,252,198,450,ITC,ITC3,7,Liguria
2024-11-04,EMR,2996,1401,1595,2996,ITH,ITH5,8,Emilia-Romagna
2024-11-01,TOS,62,28,34,62,ITI,ITI1,9,Toscana
2024-10-22,VEN,1605,750,855,1605,ITH,ITH3,5,Veneto
2024-11-05,PIE,1881,829,1052,1881,ITC,ITC1,1,Piemonte
2024-11-17,EMR,282,132,150,282,ITH,ITH5,8,Emilia-Romagna
2024-10-08,VEN,420,201,219,420,ITH,ITH3,5,Veneto
2024-10-31,PAT,284,130,154,284,ITH,ITH2,4,Provincia Autonoma Trento
2024-10-17,UMB,14,8,6,14,ITI,ITI2,10,Umbria
2024-10-03,VEN,8,2,6,8,ITH,ITH3,5,Veneto
2024-10-19,CAL,13,10,3,13,ITF,ITF6,18,Calabria
2024-09-26,LIG,7,2,5,7,ITC,ITC3,7,Liguria
2024-11-03,FVG,1,1,0,1,ITH,ITH4,6,Friuli-Venezia Giulia
2025-01-04,TOS,3,1,2,3,ITI,ITI1,9,Toscana
2025-01-11,CAM,5,2,3,5,ITF,ITF3,15,Campania
2024-10-09,SIC,6,5,1,6,ITG,ITG1,19,Sicilia
2024-10-30,BAS,15,7,8,15,ITF,ITF5,17,Basilicata
2024-11-29,MOL,2,2,0,2,ITF,ITF2,14,Molise
2024-12-08,VEN,1,0,1,1,ITH,ITH3,5,Veneto
2024-10-13,VEN,2,1,1,2,ITH,ITH3,5,Veneto
2024-12-28,ABR,1,1,0,1,ITF,ITF1,13,Abruzzo
2024-11-19,UMB,32,15,17,32,ITI,ITI2,10,Umbria
2024-11-20,MAR,627,291,336,627,ITI,ITI3,11,Marche
2024-11-30,VEN,352,172,180,352,ITH,ITH3,5,Veneto
2024-12-22,EMR,36,14,22,36,ITH,ITH5,8,Emilia-Romagna
2025-01-07,VEN,130,70,60,130,ITH,ITH3,5,Veneto
2024-12-16,LIG,163,81,82,163,ITC,ITC3,7,Liguria
2024-12-16,PAB,78,36,42,78,ITH,ITH1,4,Provincia Autonoma Bolzano / Bozen
2024-12-12,ABR,128,66,62,128,ITF,ITF1,13,Abruzzo
2025-01-02,LIG,47,30,17,47,ITC,ITC3,7,Liguria
2024-11-15,PIE,2408,1113,1295,2408,ITC,ITC1,1,Piemonte
2024-11-12,BAS,61,35,26,61,ITF,ITF5,17,Basilicata
2024-11-19,EMR,3833,1797,2036,3833,ITH,ITH5,8,Emilia-Romagna
2024-12-12,VEN,739,324,415,739,ITH,ITH3,5,Veneto
2024-12-20,SIC,125,72,53,125,ITG,ITG1,19,Sicilia
2024-10-14,ABR,74,48,26,74,ITF,ITF1,13,Abruzzo
2024-10-22,MAR,370,187,183,370,ITI,ITI3,11,Marche
2024-11-20,LIG,598,296,302,598,ITC,ITC3,7,Liguria
2024-11-16,PAT,65,30,35,65,ITH,ITH2,4,Provincia Autonoma Trento
2025-01-03,SIC,22,12,10,22,ITG,ITG1,19,Sicilia
2024-10-25,FVG,487,257,230,487,ITH,ITH4,6,Friuli-Venezia Giulia
2024-12-03,MOL,8,4,4,8,ITF,ITF2,14,Molise
2024-11-07,TOS,3181,1487,1694,3181,ITI,ITI1,9,Toscana
2024-10-08,FVG,24,7,17,24,ITH,ITH4,6,Friuli-Venezia Giulia
2024-11-29,CAL,48,27,21,48,ITF,ITF6,18,Calabria
2024-10-19,VEN,852,463,389,852,ITH,ITH3,5,Veneto
2024-11-13,LOM,6929,3314,3615,6929,ITC,ITC4,3,Lombardia
2024-11-10,PIE,56,22,34,56,ITC,ITC1,1,Piemonte
2024-10-29,VDA,113,53,60,113,ITC,ITC2,2,Valle d'Aosta / Vallée d'Aoste
2024-12-19,VDA,7,4,3,7,ITC,ITC2,2,Valle d'Aosta / Vallée d'Aoste
2024-09-25,TOS,4,3,1,4,ITI,ITI1,9,Toscana
2024-11-09,SIC,33,23,10,33,ITG,ITG1,19,Sicilia
2024-10-27,EMR,364,160,204,364,ITH,ITH5,8,Emilia-Romagna
2024-11-09,CAL,48,25,23,48,ITF,ITF6,18,Calabria
2024-11-05,PAT,134,63,71,134,ITH,ITH2,4,Provincia Autonoma Trento
2024-12-07,PIE,332,171,161,332,ITC,ITC1,1,Piemonte
2025-01-10,SIC,12,8,4,12,ITG,ITG1,19,Sicilia
2024-12-31,TOS,6,2,4,6,ITI,ITI1,9,Toscana
2024-12-17,CAL,13,5,8,13,ITF,ITF6,18,Calabria
2025-01-08,VEN,98,41,57,98,ITH,ITH3,5,Veneto
2024-12-11,LOM,1770,748,1022,1770,ITC,ITC4,3,Lombardia
2024-10-31,SAR,136,73,63,136,ITG,ITG2,20,Sardegna
2024-11-22,EMR,3855,1798,2057,3855,ITH,ITH5,8,Emilia-Romagna
2024-12-05,PAT,93,38,55,93,ITH,ITH2,4,Provincia Autonoma Trento
2024-10-02,VEN,34,18,16,34,ITH,ITH3,5,Veneto
2025-01-13,LIG,17,6,11,17,ITC,ITC3,7,Liguria
2024-12-05,PUG,511,248,263,511,ITF,ITF4,16,Puglia
2024-12-13,LOM,1568,697,871,1568,ITC,ITC4,3,Lombardia
2024-10-21,LAZ,1167,610,557,1167,ITI,ITI4,12,Lazio
2024-11-21,BAS,19,11,8,19,ITF,ITF5,17,Basilicata
2024-10-26,TOS,719,331,388,719,ITI,ITI1,9,Toscana
2024-10-29,PIE,2196,994,1202,2196,ITC,ITC1,1,Piemonte
2024-11-19,SIC,205,113,92,205,ITG,ITG1,19,Sicilia
2025-01-03,CAM,24,14,10,24,ITF,ITF3,15,Campania
2025-01-04,LIG,5,3,2,5,ITC,ITC3,7,Liguria
2024-10-14,PIE,315,165,150,315,ITC,ITC1,1,Piemonte
2024-10-16,LOM,6988,3402,3586,6988,ITC,ITC4,3,Lombardia
2024-10-18,EMR,3320,1681,1639,3320,ITH,ITH5,8,Emilia-Romagna
2024-12-14,LOM,645,290,355,645,ITC,ITC4,3,Lombardia
2024-10-22,VDA,100,45,55,100,ITC,ITC2,2,Valle d'Aosta / Vallée d'Aoste
2024-11-30,CAM,40,22,18,40,ITF,ITF3,15,Campania
2024-09-29,LOM,12,9,3,12,ITC,ITC4,3,Lombardia
2024-10-04,VEN,61,24,37,61,ITH,ITH3,5,Veneto
2024-12-14,VEN,225,110,115,225,ITH,ITH3,5,Veneto
2024-12-04,TOS,931,426,505,931,ITI,ITI1,9,Toscana
2024-11-18,FVG,541,265,276,541,ITH,ITH4,6,Friuli-Venezia Giulia
2024-10-26,UMB,6,4,2,6,ITI,ITI2,10,Umbria
2024-11-21,VDA,71,30,41,71,ITC,ITC2,2,Valle d'Aosta / Vallée d'Aoste
2024-09-26,EMR,12,6,6,12,ITH,ITH5,8,Emilia-Romagna
2024-10-18,LAZ,905,482,423,905,ITI,ITI4,12,Lazio
2024-11-04,FVG,367,162,205,367,ITH,ITH4,6,Friuli-Venezia Giulia
2024-12-20,PIE,579,259,320,579,ITC,ITC1,1,Piemonte
2024-11-28,LIG,698,314,384,698,ITC,ITC3,7,Liguria
2024-10-28,CAM,105,58,47,105,ITF,ITF3,15,Campania
2024-11-06,FVG,894,441,453,894,ITH,ITH4,6,Friuli-Venezia Giulia
2024-11-18,PIE,1447,661,786,1447,ITC,ITC1,1,Piemonte
2024-12-05,VEN,945,416,529,945,ITH,ITH3,5,Veneto
2024-10-16,MAR,110,60,50,110,ITI,ITI3,11,Marche
2024-11-27,CAM,126,64,62,126,ITF,ITF3,15,Campania
2024-11-24,LOM,373,179,194,373,ITC,ITC4,3,Lombardia
2024-12-02,MAR,131,65,66,131,ITI,ITI3,11,Marche
2025-01-03,PAB,4,2,2,4,ITH,ITH1,4,Provincia Autonoma Bolzano / Bozen
2024-12-13,ABR,58,31,27,58,ITF,ITF1,13,Abruzzo
2024-12-01,PIE,17,4,13,17,ITC,ITC1,1,Piemonte
2025-01-16,PIE,39,19,20,39,ITC,ITC1,1,Piemonte
2024-10-29,ABR,171,83,88,171,ITF,ITF1,13,Abruzzo
2024-10-23,VEN,2029,980,1049,2029,ITH,ITH3,5,Veneto
2024-11-03,EMR,354,167,187,354,ITH,ITH5,8,Emilia-Romagna
2024-10-21,SAR,90,49,41,90,ITG,ITG2,20,Sardegna
2024-12-17,SIC,115,58,57,115,ITG,ITG1,19,Sicilia
2024-11-14,PAT,508,239,269,508,ITH,ITH2,4,Provincia Autonoma Trento
2024-12-13,MAR,102,46,56,102,ITI,ITI3,11,Marche
2024-10-11,LOM,2292,1021,1271,2292,ITC,ITC4,3,Lombardia
2024-11-05,VEN,2510,1197,1313,2510,ITH,ITH3,5,Veneto
2024-11-14,PUG,812,413,399,812,ITF,ITF4,16,Puglia
2024-10-16,ABR,118,65,53,118,ITF,ITF1,13,Abruzzo
2025-01-12,LOM,12,4,8,12,ITC,ITC4,3,Lombardia
2024-12-22,PIE,5,3,2,5,ITC,ITC1,1,Piemonte
2024-12-27,FVG,25,16,9,25,ITH,ITH4,6,Friuli-Venezia Giulia
2024-12-18,CAL,12,5,7,12,ITF,ITF6,18,Calabria
2024-10-31,UMB,41,23,18,41,ITI,ITI2,10,Umbria
2025-01-07,CAM,5,2,3,5,ITF,ITF3,15,Campania
2024-10-07,ABR,7,3,4,7,ITF,ITF1,13,Abruzzo
2025-01-03,LIG,30,8,22,30,ITC,ITC3,7,Liguria
2024-12-02,VDA,8,2,6,8,ITC,ITC2,2,Valle d'Aosta / Vallée d'Aoste
2024-11-02,UMB,6,2,4,6,ITI,ITI2,10,Umbria
2024-11-03,TOS,2,0,2,2,ITI,ITI1,9,Toscana
2024-12-26,PIE,6,1,5,6,ITC,ITC1,1,Piemonte
2024-11-02,PAB,10,5,5,10,ITH,ITH1,4,Provincia Autonoma Bolzano / Bozen
2024-12-20,BAS,13,7,6,13,ITF,ITF5,17,Basilicata
2024-12-31,MAR,3,2,1,3,ITI,ITI3,11,Marche
2024-11-10,BAS,1,1,0,1,ITF,ITF5,17,Basilicata
2024-12-28,CAM,3,1,2,3,ITF,ITF3,15,Campania
2024-11-10,LIG,1,0,1,1,ITC,ITC3,7,Liguria
2024-12-03,VDA,1,1,0,1,ITC,ITC2,2,Valle d'Aosta / Vallée d'Aoste
2024-10-21,UMB,1,0,1,1,ITI,ITI2,10,Umbria
2024-10-11,FVG,1,1,0,1,ITH,ITH4,6,Friuli-Venezia Giulia
2024-10-12,SIC,1,1,0,1,ITG,ITG1,19,Sicilia
2024-11-02,PIE,212,98,114,212,ITC,ITC1,1,Piemonte
2024-11-19,LAZ,1284,633,651,1284,ITI,ITI4,12,Lazio
2024-11-29,PUG,640,340,300,640,ITF,ITF4,16,Puglia
2025-01-08,SAR,6,1,5,6,ITG,ITG2,20,Sardegna
2024-12-05,SAR,24,14,10,24,ITG,ITG2,20,Sardegna
2024-12-29,PAT,5,3,2,5,ITH,ITH2,4,Provincia Autonoma Trento
2024-10-12,LAZ,168,88,80,168,ITI,ITI4,12,Lazio
2024-10-31,VEN,2390,1070,1320,2390,ITH,ITH3,5,Veneto
2024-12-03,PUG,595,315,280,595,ITF,ITF4,16,Puglia
2024-12-20,LIG,115,49,66,115,ITC,ITC3,7,Liguria
2024-11-16,LIG,88,49,39,88,ITC,ITC3,7,Liguria
2024-10-14,SIC,15,7,8,15,ITG,ITG1,19,Sicilia
2024-11-08,MOL,27,14,13,27,ITF,ITF2,14,Molise
2024-12-20,PAB,24,13,11,24,ITH,ITH1,4,Provincia Autonoma Bolzano / Bozen
2024-11-29,SIC,153,83,70,153,ITG,ITG1,19,Sicilia
2024-12-27,CAM,15,6,9,15,ITF,ITF3,15,Campania
2024-12-11,MOL,4,2,2,4,ITF,ITF2,14,Molise
2024-12-08,TOS,14,7,7,14,ITI,ITI1,9,Toscana
2025-01-02,MAR,6,4,2,6,ITI,ITI3,11,Marche
2024-12-27,PAT,12,3,9,12,ITH,ITH2,4,Provincia Autonoma Trento
2025-01-05,LOM,3,1,2,3,ITC,ITC4,3,Lombardia
2024-09-23,PUG,5,1,4,5,ITF,ITF4,16,Puglia
2025-01-06,LAZ,2,0,2,2,ITI,ITI4,12,Lazio
2024-10-14,MOL,6,2,4,6,ITF,ITF2,14,Molise
2024-11-26,MOL,5,3,2,5,ITF,ITF2,14,Molise
2025-01-12,PIE,7,3,4,7,ITC,ITC1,1,Piemonte
2025-01-01,LAZ,1,1,0,1,ITI,ITI4,12,Lazio
2024-11-01,PAB,1,0,1,1,ITH,ITH1,4,Provincia Autonoma Bolzano / Bozen
2024-12-29,LAZ,1,1,0,1,ITI,ITI4,12,Lazio
2024-10-11,UMB,2,1,1,2,ITI,ITI2,10,Umbria
2025-01-13,SAR,1,0,1,1,ITG,ITG2,20,Sardegna
2024-10-28,SAR,121,58,63,121,ITG,ITG2,20,Sardegna
2024-11-12,PAB,433,205,228,433,ITH,ITH1,4,Provincia Autonoma Bolzano / Bozen
2024-10-31,SIC,82,47,35,82,ITG,ITG1,19,Sicilia
2024-10-21,FVG,258,138,120,258,ITH,ITH4,6,Friuli-Venezia Giulia
2025-01-13,PIE,133,64,69,133,ITC,ITC1,1,Piemonte
2024-10-28,EMR,3965,1838,2127,3965,ITH,ITH5,8,Emilia-Romagna
2024-10-26,LIG,82,38,44,82,ITC,ITC3,7,Liguria
2024-10-17,TOS,2004,971,1033,2004,ITI,ITI1,9,Toscana
2024-10-11,EMR,1544,692,852,1544,ITH,ITH5,8,Emilia-Romagna
2024-12-16,SIC,121,65,56,121,ITG,ITG1,19,Sicilia
2024-11-28,TOS,1713,785,928,1713,ITI,ITI1,9,Toscana
2025-01-14,CAM,9,5,4,9,ITF,ITF3,15,Campania
2024-12-03,LOM,2577,1109,1468,2577,ITC,ITC4,3,Lombardia
2024-11-09,VEN,6642,3440,3202,6642,ITH,ITH3,5,Veneto
2024-12-23,FVG,118,31,87,118,ITH,ITH4,6,Friuli-Venezia Giulia
2024-12-18,LAZ,343,152,191,343,ITI,ITI4,12,Lazio
2024-11-27,LAZ,1495,701,794,1495,ITI,ITI4,12,Lazio
2024-11-30,SIC,100,61,39,100,ITG,ITG1,19,Sicilia
2024-10-30,TOS,2787,1283,1504,2787,ITI,ITI1,9,Toscana
2024-12-24,PUG,59,31,28,59,ITF,ITF4,16,Puglia
2024-11-11,BAS,91,46,45,91,ITF,ITF5,17,Basilicata
2024-12-19,LAZ,316,149,167,316,ITI,ITI4,12,Lazio
2024-10-03,LAZ,29,19,10,29,ITI,ITI4,12,Lazio
2024-11-27,VDA,92,44,48,92,ITC,ITC2,2,Valle d'Aosta / Vallée d'Aoste
2024-10-02,LOM,335,167,168,335,ITC,ITC4,3,Lombardia
2025-01-14,PAT,10,4,6,10,ITH,ITH2,4,Provincia Autonoma Trento
2024-11-07,ABR,308,161,147,308,ITF,ITF1,13,Abruzzo
2024-10-28,VEN,1666,778,888,1666,ITH,ITH3,5,Veneto
2024-10-29,MOL,21,14,7,21,ITF,ITF2,14,Molise
2024-11-09,ABR,19,11,8,19,ITF,ITF1,13,Abruzzo
2024-10-04,LIG,58,30,28,58,ITC,ITC3,7,Liguria
2024-11-29,FVG,776,364,412,776,ITH,ITH4,6,Friuli-Venezia Giulia
2024-10-25,EMR,5105,2425,2680,5105,ITH,ITH5,8,Emilia-Romagna
2024-12-30,ABR,36,19,17,36,ITF,ITF1,13,Abruzzo
2024-11-26,PAB,269,125,144,269,ITH,ITH1,4,Provincia Autonoma Bolzano / Bozen
2025-01-15,TOS,43,24,19,43,ITI,ITI1,9,Toscana
2024-11-14,UMB,56,32,24,56,ITI,ITI2,10,Umbria
2024-12-17,ABR,73,36,37,73,ITF,ITF1,13,Abruzzo
2024-11-12,UMB,26,11,15,26,ITI,ITI2,10,Umbria
2024-12-03,ABR,150,78,72,150,ITF,ITF1,13,Abruzzo
2024-12-16,LAZ,250,115,135,250,ITI,ITI4,12,Lazio
2024-11-12,SAR,448,215,233,448,ITG,ITG2,20,Sardegna
2024-11-22,MAR,403,194,209,403,ITI,ITI3,11,Marche
2024-11-07,BAS,22,8,14,22,ITF,ITF5,17,Basilicata
2024-09-20,LOM,30,16,14,30,ITC,ITC4,3,Lombardia
2024-11-09,EMR,2606,1285,1321,2606,ITH,ITH5,8,Emilia-Romagna
2024-11-12,VEN,2409,1179,1230,2409,ITH,ITH3,5,Veneto
2024-09-27,CAM,6,3,3,6,ITF,ITF3,15,Campania
2024-11-26,UMB,24,16,8,24,ITI,ITI2,10,Umbria
2024-11-12,EMR,5022,2410,2612,5022,ITH,ITH5,8,Emilia-Romagna
2024-12-27,ABR,11,3,8,11,ITF,ITF1,13,Abruzzo
2024-12-05,MAR,101,38,63,101,ITI,ITI3,11,Marche
2025-01-11,LAZ,14,4,10,14,ITI,ITI4,12,Lazio
2024-10-07,PUG,13,11,2,13,ITF,ITF4,16,Puglia
2025-01-16,TOS,46,24,22,46,ITI,ITI1,9,Toscana
2025-01-09,VEN,80,28,52,80,ITH,ITH3,5,Veneto
2024-12-31,LIG,16,10,6,16,ITC,ITC3,7,Liguria
2025-01-09,ABR,15,8,7,15,ITF,ITF1,13,Abruzzo
2024-11-29,VDA,48,22,26,48,ITC,ITC2,2,Valle d'Aosta / Vallée d'Aoste
2024-11-02,LIG,4,1,3,4,ITC,ITC3,7,Liguria
2024-10-28,LOM,7377,3464,3913,7377,ITC,ITC4,3,Lombardia
2024-10-07,PAT,39,17,22,39,ITH,ITH2,4,Provincia Autonoma Trento
2024-11-16,PIE,451,222,229,451,ITC,ITC1,1,Piemonte
2025-01-16,LAZ,45,25,20,45,ITI,ITI4,12,Lazio
2024-11-09,UMB,6,3,3,6,ITI,ITI2,10,Umbria
2024-10-23,MOL,5,3,2,5,ITF,ITF2,14,Molise
2024-11-11,PUG,581,267,314,581,ITF,ITF4,16,Puglia
2024-11-11,CAL,83,37,46,83,ITF,ITF6,18,Calabria
2025-01-11,MAR,9,5,4,9,ITI,ITI3,11,Marche
2024-11-13,LIG,669,323,346,669,ITC,ITC3,7,Liguria
2024-11-11,PAT,245,109,136,245,ITH,ITH2,4,Provincia Autonoma Trento
2024-11-26,LIG,1123,542,581,1123,ITC,ITC3,7,Liguria
2025-01-09,EMR,130,58,72,130,ITH,ITH5,8,Emilia-Romagna
2024-12-30,EMR,77,28,49,77,ITH,ITH5,8,Emilia-Romagna
2024-11-04,TOS,1791,859,932,1791,ITI,ITI1,9,Toscana
2024-11-06,VEN,2748,1316,1432,2748,ITH,ITH3,5,Veneto
2024-11-06,SAR,426,204,222,426,ITG,ITG2,20,Sardegna
2024-12-19,SIC,125,54,71,125,ITG,ITG1,19,Sicilia
2024-12-07,LIG,42,15,27,42,ITC,ITC3,7,Liguria
2024-11-14,ABR,44,24,20,44,ITF,ITF1,13,Abruzzo
2024-12-17,VEN,635,247,388,635,ITH,ITH3,5,Veneto
2025-01-09,PUG,48,26,22,48,ITF,ITF4,16,Puglia
2024-12-03,PIE,915,444,471,915,ITC,ITC1,1,Piemonte
2024-12-17,SAR,41,18,23,41,ITG,ITG2,20,Sardegna
2025-01-05,PIE,8,1,7,8,ITC,ITC1,1,Piemonte
2024-09-27,PAT,17,8,9,17,ITH,ITH2,4,Provincia Autonoma Trento
2024-11-13,MOL,3,1,2,3,ITF,ITF2,14,Molise
2024-10-13,TOS,47,16,31,47,ITI,ITI1,9,Toscana
2024-12-12,PAB,14,7,7,14,ITH,ITH1,4,Provincia Autonoma Bolzano / Bozen
2024-11-06,CAL,95,55,40,95,ITF,ITF6,18,Calabria
2024-10-24,MOL,20,9,11,20,ITF,ITF2,14,Molise
2024-11-18,MOL,18,7,11,18,ITF,ITF2,14,Molise
2024-12-28,VEN,5,2,3,5,ITH,ITH3,5,Veneto
2025-01-08,MOL,1,0,1,1,ITF,ITF2,14,Molise
2024-10-21,VDA,98,45,53,98,ITC,ITC2,2,Valle d'Aosta / Vallée d'Aoste
2024-11-11,ABR,24,12,12,24,ITF,ITF1,13,Abruzzo
2024-12-28,EMR,33,10,23,33,ITH,ITH5,8,Emilia-Romagna
2025-01-10,CAM,19,7,12,19,ITF,ITF3,15,Campania
2024-10-20,EMR,273,131,142,273,ITH,ITH5,8,Emilia-Romagna
2024-10-24,FVG,446,234,212,446,ITH,ITH4,6,Friuli-Venezia Giulia
2024-10-04,CAM,11,7,4,11,ITF,ITF3,15,Campania
2025-01-14,PIE,74,39,35,74,ITC,ITC1,1,Piemonte
2024-11-24,LAZ,60,29,31,60,ITI,ITI4,12,Lazio
2024-12-31,PIE,18,6,12,18,ITC,ITC1,1,Piemonte
2024-10-17,SIC,15,8,7,15,ITG,ITG1,19,Sicilia
2024-12-06,MOL,8,5,3,8,ITF,ITF2,14,Molise
2024-11-01,FVG,5,2,3,5,ITH,ITH4,6,Friuli-Venezia Giulia
2024-12-01,MAR,2,0,2,2,ITI,ITI3,11,Marche
2024-10-19,UMB,3,0,3,3,ITI,ITI2,10,Umbria
2024-09-20,TOS,4,3,1,4,ITI,ITI1,9,Toscana
2024-10-14,PAB,5,4,1,5,ITH,ITH1,4,Provincia Autonoma Bolzano / Bozen
2024-11-24,SIC,5,3,2,5,ITG,ITG1,19,Sicilia
2025-01-16,VDA,1,0,1,1,ITC,ITC2,2,Valle d'Aosta / Vallée d'Aoste
2024-10-27,MAR,3,1,2,3,ITI,ITI3,11,Marche
2024-10-05,CAM,2,1,1,2,ITF,ITF3,15,Campania
2025-01-12,VEN,1,0,1,1,ITH,ITH3,5,Veneto
2025-01-08,ABR,6,4,2,6,ITF,ITF1,13,Abruzzo
2024-12-26,MAR,1,1,0,1,ITI,ITI3,11,Marche
2024-11-30,MAR,28,13,15,28,ITI,ITI3,11,Marche
2024-11-09,PAB,1,1,0,1,ITH,ITH1,4,Provincia Autonoma Bolzano / Bozen
2024-12-18,EMR,856,391,465,856,ITH,ITH5,8,Emilia-Romagna
2024-12-06,PIE,1224,551,673,1224,ITC,ITC1,1,Piemonte
2024-11-25,PAT,158,84,74,158,ITH,ITH2,4,Provincia Autonoma Trento
2024-11-16,MAR,138,67,71,138,ITI,ITI3,11,Marche
2024-10-05,LIG,9,5,4,9,ITC,ITC3,7,Liguria
2024-12-01,EMR,69,29,40,69,ITH,ITH5,8,Emilia-Romagna
2024-12-27,UMB,3,1,2,3,ITI,ITI2,10,Umbria
2024-12-03,LIG,552,260,292,552,ITC,ITC3,7,Liguria
2024-11-02,VDA,6,2,4,6,ITC,ITC2,2,Valle d'Aosta / Vallée d'Aoste
2024-11-07,MAR,794,372,422,794,ITI,ITI3,11,Marche
2024-09-24,EMR,4,2,2,4,ITH,ITH5,8,Emilia-Romagna
2024-10-03,PIE,23,11,12,23,ITC,ITC1,1,Piemonte
2024-10-24,LAZ,1418,723,695,1418,ITI,ITI4,12,Lazio
2024-10-15,EMR,3380,1659,1721,3380,ITH,ITH5,8,Emilia-Romagna
2025-01-16,VEN,39,15,24,39,ITH,ITH3,5,Veneto
2024-12-02,FVG,322,154,168,322,ITH,ITH4,6,Friuli-Venezia Giulia
2024-11-07,MOL,5,3,2,5,ITF,ITF2,14,Molise
2024-11-12,TOS,2151,988,1163,2151,ITI,ITI1,9,Toscana
2024-12-08,BAS,2,1,1,2,ITF,ITF5,17,Basilicata
2024-12-14,UMB,12,8,4,12,ITI,ITI2,10,Umbria
2024-11-16,SIC,106,54,52,106,ITG,ITG1,19,Sicilia
2024-11-04,BAS,7,3,4,7,ITF,ITF5,17,Basilicata
2024-11-18,LAZ,1007,477,530,1007,ITI,ITI4,12,Lazio
2024-11-05,ABR,315,174,141,315,ITF,ITF1,13,Abruzzo
2024-12-20,VEN,399,182,217,399,ITH,ITH3,5,Veneto
2024-11-01,LAZ,24,9,15,24,ITI,ITI4,12,Lazio
2024-10-23,PUG,397,211,186,397,ITF,ITF4,16,Puglia
2025-01-16,EMR,111,55,56,111,ITH,ITH5,8,Emilia-Romagna
2024-10-17,VEN,1306,645,661,1306,ITH,ITH3,5,Veneto
2024-12-10,FVG,330,167,163,330,ITH,ITH4,6,Friuli-Venezia Giulia
2024-12-23,EMR,240,122,118,240,ITH,ITH5,8,Emilia-Romagna
2024-12-17,LIG,303,150,153,303,ITC,ITC3,7,Liguria
2024-11-28,SAR,130,71,59,130,ITG,ITG2,20,Sardegna
2024-11-13,FVG,1192,519,673,1192,ITH,ITH4,6,Friuli-Venezia Giulia
2024-11-28,PIE,1254,577,677,1254,ITC,ITC1,1,Piemonte
2024-12-06,CAL,27,10,17,27,ITF,ITF6,18,Calabria
2024-11-27,SAR,132,63,69,132,ITG,ITG2,20,Sardegna
2024-12-18,BAS,13,8,5,13,ITF,ITF5,17,Basilicata
2024-10-30,PIE,1679,791,888,1679,ITC,ITC1,1,Piemonte
2024-10-15,VEN,1351,646,705,1351,ITH,ITH3,5,Veneto
2024-10-23,PAT,532,244,288,532,ITH,ITH2,4,Provincia Autonoma Trento
2024-12-20,EMR,528,260,268,528,ITH,ITH5,8,Emilia-Romagna
2024-11-23,ABR,86,47,39,86,ITF,ITF1,13,Abruzzo
2024-11-27,LOM,4030,1837,2193,4030,ITC,ITC4,3,Lombardia
2024-10-28,MAR,358,190,168,358,ITI,ITI3,11,Marche
2024-11-06,LIG,650,315,335,650,ITC,ITC3,7,Liguria
2024-11-15,SIC,191,105,86,191,ITG,ITG1,19,Sicilia
2024-12-23,SIC,41,21,20,41,ITG,ITG1,19,Sicilia
2025-01-15,PIE,105,51,54,105,ITC,ITC1,1,Piemonte
2025-01-06,EMR,2,1,1,2,ITH,ITH5,8,Emilia-Romagna
2024-11-06,PAB,503,260,243,503,ITH,ITH1,4,Provincia Autonoma Bolzano / Bozen
2024-12-27,LIG,24,11,13,24,ITC,ITC3,7,Liguria
2024-12-04,VDA,41,14,27,41,ITC,ITC2,2,Valle d'Aosta / Vallée d'Aoste
2025-01-08,TOS,64,34,30,64,ITI,ITI1,9,Toscana
2024-11-08,LAZ,1667,802,865,1667,ITI,ITI4,12,Lazio
2024-12-09,PUG,216,120,96,216,ITF,ITF4,16,Puglia
2024-12-30,MAR,30,15,15,30,ITI,ITI3,11,Marche
2024-10-14,TOS,966,462,504,966,ITI,ITI1,9,Toscana
2024-10-28,SIC,68,42,26,68,ITG,ITG1,19,Sicilia
2025-01-09,LIG,90,36,54,90,ITC,ITC3,7,Liguria
2024-11-25,CAM,192,100,92,192,ITF,ITF3,15,Campania
2024-12-12,LAZ,597,282,315,597,ITI,ITI4,12,Lazio
2024-10-11,LIG,96,51,45,96,ITC,ITC3,7,Liguria
2024-11-26,MAR,186,84,102,186,ITI,ITI3,11,Marche
2024-11-09,LIG,90,44,46,90,ITC,ITC3,7,Liguria
2024-10-07,PIE,60,35,25,60,ITC,ITC1,1,Piemonte
2024-11-23,FVG,489,238,251,489,ITH,ITH4,6,Friuli-Venezia Giulia
2024-11-13,CAL,166,99,67,166,ITF,ITF6,18,Calabria
2025-01-04,LAZ,15,7,8,15,ITI,ITI4,12,Lazio
2024-12-04,FVG,268,124,144,268,ITH,ITH4,6,Friuli-Venezia Giulia
2024-11-12,LAZ,1573,757,816,1573,ITI,ITI4,12,Lazio
2024-11-29,BAS,39,19,20,39,ITF,ITF5,17,Basilicata
2024-11-28,ABR,208,97,111,208,ITF,ITF1,13,Abruzzo
2025-01-08,PUG,41,21,20,41,ITF,ITF4,16,Puglia
2024-10-17,CAM,72,39,33,72,ITF,ITF3,15,Campania
2024-11-10,LAZ,56,23,33,56,ITI,ITI4,12,Lazio
2024-12-29,EMR,8,1,7,8,ITH,ITH5,8,Emilia-Romagna
2024-10-30,CAL,26,14,12,26,ITF,ITF6,18,Calabria
2024-11-30,TOS,162,72,90,162,ITI,ITI1,9,Toscana
2024-10-30,ABR,150,88,62,150,ITF,ITF1,13,Abruzzo
2024-10-18,CAM,70,34,36,70,ITF,ITF3,15,Campania
2024-11-28,CAL,67,27,40,67,ITF,ITF6,18,Calabria
2024-12-11,VDA,25,13,12,25,ITC,ITC2,2,Valle d'Aosta / Vallée d'Aoste
2024-11-26,VDA,7,1,6,7,ITC,ITC2,2,Valle d'Aosta / Vallée d'Aoste
2024-11-11,MOL,8,5,3,8,ITF,ITF2,14,Molise
2025-01-03,ABR,10,3,7,10,ITF,ITF1,13,Abruzzo
2024-12-24,VEN,26,14,12,26,ITH,ITH3,5,Veneto
2024-10-20,ABR,1,1,0,1,ITF,ITF1,13,Abruzzo
2024-12-31,FVG,21,11,10,21,ITH,ITH4,6,Friuli-Venezia Giulia
2025-01-13,LAZ,17,9,8,17,ITI,ITI4,12,Lazio
2024-10-16,UMB,11,6,5,11,ITI,ITI2,10,Umbria
2024-10-14,UMB,3,0,3,3,ITI,ITI2,10,Umbria
2024-11-16,UMB,7,4,3,7,ITI,ITI2,10,Umbria
2024-12-24,PAT,15,7,8,15,ITH,ITH2,4,Provincia Autonoma Trento
2024-11-24,LIG,4,0,4,4,ITC,ITC3,7,Liguria
2024-09-21,TOS,8,3,5,8,ITI,ITI1,9,Toscana
2025-01-04,PIE,5,2,3,5,ITC,ITC1,1,Piemonte
2024-10-03,SIC,3,2,1,3,ITG,ITG1,19,Sicilia
2024-12-31,PAB,3,2,1,3,ITH,ITH1,4,Provincia Autonoma Bolzano / Bozen
2024-11-16,PAB,1,0,1,1,ITH,ITH1,4,Provincia Autonoma Bolzano / Bozen
2024-12-29,VDA,1,1,0,1,ITC,ITC2,2,Valle d'Aosta / Vallée d'Aoste
2024-11-15,LAZ,1618,808,810,1618,ITI,ITI4,12,Lazio
2024-11-21,LOM,5044,2333,2711,5044,ITC,ITC4,3,Lombardia
2024-12-04,VEN,959,404,555,959,ITH,ITH3,5,Veneto
2024-10-14,VEN,926,454,472,926,ITH,ITH3,5,Veneto
2024-10-10,VEN,849,389,460,849,ITH,ITH3,5,Veneto
2024-12-12,CAL,30,15,15,30,ITF,ITF6,18,Calabria
2024-12-16,CAL,35,16,19,35,ITF,ITF6,18,Calabria
2024-11-08,CAL,67,33,34,67,ITF,ITF6,18,Calabria
2024-11-29,PAT,226,116,110,226,ITH,ITH2,4,Provincia Autonoma Trento
2024-11-12,CAL,57,36,21,57,ITF,ITF6,18,Calabria
2024-10-29,CAM,111,60,51,111,ITF,ITF3,15,Campania
2024-12-12,SIC,98,49,49,98,ITG,ITG1,19,Sicilia
2024-12-03,CAL,30,20,10,30,ITF,ITF6,18,Calabria
2024-11-02,LAZ,121,58,63,121,ITI,ITI4,12,Lazio
2024-12-24,FVG,15,9,6,15,ITH,ITH4,6,Friuli-Venezia Giulia
2024-12-10,EMR,1118,528,590,1118,ITH,ITH5,8,Emilia-Romagna
2025-01-13,EMR,83,35,48,83,ITH,ITH5,8,Emilia-Romagna
2024-10-22,LOM,9703,4650,5053,9703,ITC,ITC4,3,Lombardia
2024-12-07,SIC,40,23,17,40,ITG,ITG1,19,Sicilia
2024-12-02,CAM,72,35,37,72,ITF,ITF3,15,Campania
2024-11-14,VEN,2524,1251,1273,2524,ITH,ITH3,5,Veneto
2024-11-06,TOS,2874,1302,1572,2874,ITI,ITI1,9,Toscana
2024-10-21,PAT,268,143,125,268,ITH,ITH2,4,Provincia Autonoma Trento
2024-12-09,SIC,69,39,30,69,ITG,ITG1,19,Sicilia
2024-11-09,PUG,110,54,56,110,ITF,ITF4,16,Puglia
2024-12-04,PUG,472,231,241,472,ITF,ITF4,16,Puglia
2024-10-25,VDA,150,59,91,150,ITC,ITC2,2,Valle d'Aosta / Vallée d'Aoste
2024-11-23,CAM,58,29,29,58,ITF,ITF3,15,Campania
2024-11-22,ABR,177,95,82,177,ITF,ITF1,13,Abruzzo
2024-11-30,LIG,52,26,26,52,ITC,ITC3,7,Liguria
2024-11-26,SAR,151,77,74,151,ITG,ITG2,20,Sardegna
2024-10-25,MAR,582,289,293,582,ITI,ITI3,11,Marche
2024-11-12,SIC,190,108,82,190,ITG,ITG1,19,Sicilia
2025-01-08,SIC,26,14,12,26,ITG,ITG1,19,Sicilia
2024-09-28,TOS,3,2,1,3,ITI,ITI1,9,Toscana
2024-12-04,PAT,265,113,152,265,ITH,ITH2,4,Provincia Autonoma Trento
2024-10-17,FVG,166,88,78,166,ITH,ITH4,6,Friuli-Venezia Giulia
2024-12-09,SAR,51,30,21,51,ITG,ITG2,20,Sardegna
2024-10-07,LIG,70,36,34,70,ITC,ITC3,7,Liguria
2024-10-24,CAL,37,19,18,37,ITF,ITF6,18,Calabria
2024-12-01,LAZ,67,32,35,67,ITI,ITI4,12,Lazio
2024-12-04,LAZ,1078,483,595,1078,ITI,ITI4,12,Lazio
2024-11-20,SAR,227,117,110,227,ITG,ITG2,20,Sardegna
2024-12-13,CAM,76,35,41,76,ITF,ITF3,15,Campania
2024-11-07,SAR,442,224,218,442,ITG,ITG2,20,Sardegna
2024-11-19,CAL,64,42,22,64,ITF,ITF6,18,Calabria
2024-11-08,VDA,160,81,79,160,ITC,ITC2,2,Valle d'Aosta / Vallée d'Aoste
2024-10-18,PIE,1058,552,506,1058,ITC,ITC1,1,Piemonte
2024-12-31,PUG,15,11,4,15,ITF,ITF4,16,Puglia
2024-12-23,ABR,15,7,8,15,ITF,ITF1,13,Abruzzo
2024-10-29,LOM,8462,4040,4422,8462,ITC,ITC4,3,Lombardia
2024-10-01,CAM,4,3,1,4,ITF,ITF3,15,Campania
2024-10-31,TOS,2344,1065,1279,2344,ITI,ITI1,9,Toscana
2024-11-23,VEN,790,388,402,790,ITH,ITH3,5,Veneto
2024-10-14,FVG,106,48,58,106,ITH,ITH4,6,Friuli-Venezia Giulia
2025-01-03,LAZ,51,20,31,51,ITI,ITI4,12,Lazio
2024-11-05,MOL,4,2,2,4,ITF,ITF2,14,Molise
2025-01-02,PIE,51,27,24,51,ITC,ITC1,1,Piemonte
2024-11-11,LOM,6568,3132,3436,6568,ITC,ITC4,3,Lombardia
2024-12-27,VEN,177,48,129,177,ITH,ITH3,5,Veneto
2024-12-02,LOM,2206,1036,1170,2206,ITC,ITC4,3,Lombardia
2024-11-19,MAR,582,256,326,582,ITI,ITI3,11,Marche
2024-11-03,PIE,101,46,55,101,ITC,ITC1,1,Piemonte
2024-11-22,PIE,1895,907,988,1895,ITC,ITC1,1,Piemonte
2024-11-26,PAT,193,83,110,193,ITH,ITH2,4,Provincia Autonoma Trento
2024-12-17,EMR,802,391,411,802,ITH,ITH5,8,Emilia-Romagna
2024-11-20,UMB,30,17,13,30,ITI,ITI2,10,Umbria
2025-01-14,SIC,14,10,4,14,ITG,ITG1,19,Sicilia
2024-11-26,PUG,754,386,368,754,ITF,ITF4,16,Puglia
2024-12-20,FVG,166,79,87,166,ITH,ITH4,6,Friuli-Venezia Giulia
2024-10-15,ABR,113,60,53,113,ITF,ITF1,13,Abruzzo
2024-10-26,LAZ,670,331,339,670,ITI,ITI4,12,Lazio
2024-10-15,CAL,4,2,2,4,ITF,ITF6,18,Calabria
2024-10-31,MAR,284,141,143,284,ITI,ITI3,11,Marche
2024-12-09,CAL,51,26,25,51,ITF,ITF6,18,Calabria
2024-11-07,UMB,57,34,23,57,ITI,ITI2,10,Umbria
2024-12-14,CAM,29,18,11,29,ITF,ITF3,15,Campania
2024-10-02,LAZ,79,36,43,79,ITI,ITI4,12,Lazio
2024-11-18,SIC,145,76,69,145,ITG,ITG1,19,Sicilia
2025-01-14,VEN,94,37,57,94,ITH,ITH3,5,Veneto
2024-12-19,LOM,967,420,547,967,ITC,ITC4,3,Lombardia
2025-01-10,PUG,34,16,18,34,ITF,ITF4,16,Puglia
2024-11-20,PAB,375,178,197,375,ITH,ITH1,4,Provincia Autonoma Bolzano / Bozen
2024-12-06,PAB,130,64,66,130,ITH,ITH1,4,Provincia Autonoma Bolzano / Bozen
2024-10-16,CAM,35,18,17,35,ITF,ITF3,15,Campania
2024-10-24,SIC,54,26,28,54,ITG,ITG1,19,Sicilia
2024-12-14,MAR,46,27,19,46,ITI,ITI3,11,Marche
2024-12-03,SAR,24,14,10,24,ITG,ITG2,20,Sardegna
2024-12-27,TOS,24,8,16,24,ITI,ITI1,9,Toscana
2024-12-06,UMB,2,1,1,2,ITI,ITI2,10,Umbria
2024-11-09,PAT,115,55,60,115,ITH,ITH2,4,Provincia Autonoma Trento
2024-10-25,MOL,50,27,23,50,ITF,ITF2,14,Molise
2024-11-17,LIG,1,0,1,1,ITC,ITC3,7,Liguria
2024-12-31,PAT,7,3,4,7,ITH,ITH2,4,Provincia Autonoma Trento
2024-09-30,ABR,1,0,1,1,ITF,ITF1,13,Abruzzo
2025-01-10,PAT,30,16,14,30,ITH,ITH2,4,Provincia Autonoma Trento
2024-10-10,SIC,13,7,6,13,ITG,ITG1,19,Sicilia
2024-10-05,TOS,4,3,1,4,ITI,ITI1,9,Toscana
2024-11-15,UMB,48,23,25,48,ITI,ITI2,10,Umbria
2024-12-21,SIC,15,7,8,15,ITG,ITG1,19,Sicilia
2024-11-19,MOL,7,5,2,7,ITF,ITF2,14,Molise
2024-11-10,FVG,15,6,9,15,ITH,ITH4,6,Friuli-Venezia Giulia
2024-12-16,SAR,9,4,5,9,ITG,ITG2,20,Sardegna
2024-11-07,PAB,54,21,33,54,ITH,ITH1,4,Provincia Autonoma Bolzano / Bozen
2024-12-21,PAT,2,1,1,2,ITH,ITH2,4,Provincia Autonoma Trento
2024-11-17,PAB,4,1,3,4,ITH,ITH1,4,Provincia Autonoma Bolzano / Bozen
2024-12-17,MOL,3,2,1,3,ITF,ITF2,14,Molise
2024-11-24,CAM,3,2,1,3,ITF,ITF3,15,Campania
2024-11-17,CAM,2,2,0,2,ITF,ITF3,15,Campania
2024-12-20,UMB,3,2,1,3,ITI,ITI2,10,Umbria
2024-12-30,PAB,1,0,1,1,ITH,ITH1,4,Provincia Autonoma Bolzano / Bozen
2024-12-25,LAZ,1,1,0,1,ITI,ITI4,12,Lazio
2024-12-01,FVG,1,0,1,1,ITH,ITH4,6,Friuli-Venezia Giulia
2024-10-20,PUG,1,0,1,1,ITF,ITF4,16,Puglia
2024-10-26,SIC,6,2,4,6,ITG,ITG1,19,Sicilia
2024-10-16,EMR,3564,1714,1850,3564,ITH,ITH5,8,Emilia-Romagna
2024-12-24,TOS,10,5,5,10,ITI,ITI1,9,Toscana
2024-10-18,LIG,301,162,139,301,ITC,ITC3,7,Liguria
2024-12-31,EMR,20,13,7,20,ITH,ITH5,8,Emilia-Romagna
2024-10-31,MOL,28,15,13,28,ITF,ITF2,14,Molise
2024-10-12,EMR,656,312,344,656,ITH,ITH5,8,Emilia-Romagna
2024-10-24,CAM,56,29,27,56,ITF,ITF3,15,Campania
2024-11-01,PIE,36,12,24,36,ITC,ITC1,1,Piemonte
2024-11-10,VEN,79,42,37,79,ITH,ITH3,5,Veneto
2024-10-15,VDA,68,36,32,68,ITC,ITC2,2,Valle d'Aosta / Vallée d'Aoste
2024-12-18,TOS,329,161,168,329,ITI,ITI1,9,Toscana
2024-11-06,CAM,91,50,41,91,ITF,ITF3,15,Campania
2024-10-09,CAM,24,12,12,24,ITF,ITF3,15,Campania
2024-12-17,BAS,25,18,7,25,ITF,ITF5,17,Basilicata
2024-12-21,PUG,9,3,6,9,ITF,ITF4,16,Puglia
2024-12-03,PAT,101,36,65,101,ITH,ITH2,4,Provincia Autonoma Trento
2024-10-11,ABR,43,28,15,43,ITF,ITF1,13,Abruzzo
2024-10-20,LAZ,57,26,31,57,ITI,ITI4,12,Lazio
2024-10-08,LAZ,252,137,115,252,ITI,ITI4,12,Lazio
2024-11-24,EMR,273,136,137,273,ITH,ITH5,8,Emilia-Romagna
2024-11-24,VEN,18,8,10,18,ITH,ITH3,5,Veneto
2024-11-08,CAM,132,77,55,132,ITF,ITF3,15,Campania
2024-12-07,EMR,378,174,204,378,ITH,ITH5,8,Emilia-Romagna
2024-10-18,PAB,264,127,137,264,ITH,ITH1,4,Provincia Autonoma Bolzano / Bozen
2024-11-14,FVG,1012,484,528,1012,ITH,ITH4,6,Friuli-Venezia Giulia
2024-10-26,EMR,2275,1092,1183,2275,ITH,ITH5,8,Emilia-Romagna
2024-11-06,PAT,531,260,271,531,ITH,ITH2,4,Provincia Autonoma Trento
2024-12-02,VEN,721,301,420,721,ITH,ITH3,5,Veneto
2024-11-19,LOM,5835,2676,3159,5835,ITC,ITC4,3,Lombardia
2024-11-04,VDA,80,40,40,80,ITC,ITC2,2,Valle d'Aosta / Vallée d'Aoste
2024-12-08,LAZ,3,3,0,3,ITI,ITI4,12,Lazio
2024-11-18,BAS,32,15,17,32,ITF,ITF5,17,Basilicata
2024-09-20,PUG,6,3,3,6,ITF,ITF4,16,Puglia
2024-10-16,VEN,1184,615,569,1184,ITH,ITH3,5,Veneto
2024-11-06,PUG,761,419,342,761,ITF,ITF4,16,Puglia
2024-12-12,EMR,1142,547,595,1142,ITH,ITH5,8,Emilia-Romagna
2024-09-25,LOM,70,33,37,70,ITC,ITC4,3,Lombardia
2024-12-12,UMB,9,2,7,9,ITI,ITI2,10,Umbria
2024-11-08,PIE,2530,1227,1303,2530,ITC,ITC1,1,Piemonte
2024-11-19,PAB,422,186,236,422,ITH,ITH1,4,Provincia Autonoma Bolzano / Bozen
2024-10-15,TOS,1163,525,638,1163,ITI,ITI1,9,Toscana
2024-10-28,ABR,145,72,73,145,ITF,ITF1,13,Abruzzo
2024-12-06,LIG,277,133,144,277,ITC,ITC3,7,Liguria
2024-11-09,BAS,34,17,17,34,ITF,ITF5,17,Basilicata
2024-12-12,SAR,34,15,19,34,ITG,ITG2,20,Sardegna
2024-10-03,LIG,45,26,19,45,ITC,ITC3,7,Liguria
2024-12-19,LIG,307,138,169,307,ITC,ITC3,7,Liguria
2024-11-27,TOS,1678,766,912,1678,ITI,ITI1,9,Toscana
2024-11-05,SIC,149,77,72,149,ITG,ITG1,19,Sicilia
2024-12-02,SAR,41,22,19,41,ITG,ITG2,20,Sardegna
2024-12-20,LAZ,235,104,131,235,ITI,ITI4,12,Lazio
2024-11-04,MAR,256,127,129,256,ITI,ITI3,11,Marche
2024-12-03,FVG,443,214,229,443,ITH,ITH4,6,Friuli-Venezia Giulia
2024-12-01,TOS,14,9,5,14,ITI,ITI1,9,Toscana
2024-12-29,MAR,73,37,36,73,ITI,ITI3,11,Marche
2024-11-16,CAM,65,36,29,65,ITF,ITF3,15,Campania
2024-11-02,EMR,573,282,291,573,ITH,ITH5,8,Emilia-Romagna
2025-01-10,EMR,118,62,56,118,ITH,ITH5,8,Emilia-Romagna
2024-10-12,LOM,1546,755,791,1546,ITC,ITC4,3,Lombardia
2024-10-16,CAL,21,13,8,21,ITF,ITF6,18,Calabria
2025-01-09,PAT,8,3,5,8,ITH,ITH2,4,Provincia Autonoma Trento
2024-11-17,TOS,19,11,8,19,ITI,ITI1,9,Toscana
2024-12-31,VEN,31,17,14,31,ITH,ITH3,5,Veneto
2024-09-27,FVG,23,11,12,23,ITH,ITH4,6,Friuli-Venezia Giulia
2024-11-19,VEN,3067,1479,1588,3067,ITH,ITH3,5,Veneto
2024-11-06,PIE,1745,773,972,1745,ITC,ITC1,1,Piemonte
2024-11-29,MAR,136,66,70,136,ITI,ITI3,11,Marche
2024-11-25,LIG,529,227,302,529,ITC,ITC3,7,Liguria
2024-11-19,SAR,238,126,112,238,ITG,ITG2,20,Sardegna
2024-10-09,PIE,32,20,12,32,ITC,ITC1,1,Piemonte
2024-12-19,PAB,8,5,3,8,ITH,ITH1,4,Provincia Autonoma Bolzano / Bozen
2024-12-15,CAM,6,3,3,6,ITF,ITF3,15,Campania
2024-11-12,ABR,12,9,3,12,ITF,ITF1,13,Abruzzo
2024-10-19,SIC,4,2,2,4,ITG,ITG1,19,Sicilia
2024-10-16,SAR,20,12,8,20,ITG,ITG2,20,Sardegna
2024-11-30,PAB,1,0,1,1,ITH,ITH1,4,Provincia Autonoma Bolzano / Bozen
2024-12-11,BAS,33,18,15,33,ITF,ITF5,17,Basilicata
2025-01-07,SAR,2,2,0,2,ITG,ITG2,20,Sardegna
2024-09-19,LOM,2,0,2,2,ITC,ITC4,3,Lombardia
2025-01-07,UMB,1,0,1,1,ITI,ITI2,10,Umbria
2025-01-04,PUG,6,1,5,6,ITF,ITF4,16,Puglia
2024-12-09,MOL,2,1,1,2,ITF,ITF2,14,Molise
2024-12-04,MOL,2,1,1,2,ITF,ITF2,14,Molise
2024-09-28,LIG,1,0,1,1,ITC,ITC3,7,Liguria
2024-10-22,BAS,1,1,0,1,ITF,ITF5,17,Basilicata
2024-12-19,BAS,18,14,4,18,ITF,ITF5,17,Basilicata
2025-01-02,CAM,9,5,4,9,ITF,ITF3,15,Campania
2024-11-17,PIE,21,7,14,21,ITC,ITC1,1,Piemonte
2025-01-10,MAR,9,2,7,9,ITI,ITI3,11,Marche
2024-11-14,MOL,5,4,1,5,ITF,ITF2,14,Molise
2024-12-01,VEN,7,6,1,7,ITH,ITH3,5,Veneto
2025-01-08,PAT,4,2,2,4,ITH,ITH2,4,Provincia Autonoma Trento
2025-01-05,LAZ,1,0,1,1,ITI,ITI4,12,Lazio
2024-10-03,SAR,5,3,2,5,ITG,ITG2,20,Sardegna
2025-01-15,SAR,2,1,1,2,ITG,ITG2,20,Sardegna
2024-12-19,SAR,17,10,7,17,ITG,ITG2,20,Sardegna
2025-01-10,VDA,2,1,1,2,ITC,ITC2,2,Valle d'Aosta / Vallée d'Aoste
2024-12-17,VDA,11,5,6,11,ITC,ITC2,2,Valle d'Aosta / Vallée d'Aoste
2024-11-03,CAM,5,2,3,5,ITF,ITF3,15,Campania
2024-12-26,FVG,1,0,1,1,ITH,ITH4,6,Friuli-Venezia Giulia
2024-12-15,SIC,3,2,1,3,ITG,ITG1,19,Sicilia
2024-12-28,PUG,2,1,1,2,ITF,ITF4,16,Puglia
2025-01-07,PAT,8,5,3,8,ITH,ITH2,4,Provincia Autonoma Trento
2024-11-20,TOS,2110,1004,1106,2110,ITI,ITI1,9,Toscana
2025-01-13,CAM,5,2,3,5,ITF,ITF3,15,Campania
2024-11-30,ABR,39,20,19,39,ITF,ITF1,13,Abruzzo
2024-12-16,MAR,77,43,34,77,ITI,ITI3,11,Marche
2024-11-29,VEN,1291,633,658,1291,ITH,ITH3,5,Veneto
2024-11-12,MAR,407,206,201,407,ITI,ITI3,11,Marche
2024-10-17,LIG,456,253,203,456,ITC,ITC3,7,Liguria
2025-01-14,TOS,35,16,19,35,ITI,ITI1,9,Toscana
2024-10-30,MOL,13,8,5,13,ITF,ITF2,14,Molise
2024-10-29,EMR,6029,2879,3150,6029,ITH,ITH5,8,Emilia-Romagna
2024-10-17,LOM,7126,3354,3772,7126,ITC,ITC4,3,Lombardia
2024-12-17,PUG,370,183,187,370,ITF,ITF4,16,Puglia
2025-01-10,PIE,131,62,69,131,ITC,ITC1,1,Piemonte
2024-12-20,CAM,38,21,17,38,ITF,ITF3,15,Campania
2024-12-24,UMB,5,4,1,5,ITI,ITI2,10,Umbria
2024-10-24,TOS,2857,1336,1521,2857,ITI,ITI1,9,Toscana
2024-11-11,VDA,63,35,28,63,ITC,ITC2,2,Valle d'Aosta / Vallée d'Aoste
2024-12-06,EMR,1463,680,783,1463,ITH,ITH5,8,Emilia-Romagna
2024-09-27,EMR,60,28,32,60,ITH,ITH5,8,Emilia-Romagna
2024-10-25,PAT,454,232,222,454,ITH,ITH2,4,Provincia Autonoma Trento
2024-11-27,PIE,1375,657,718,1375,ITC,ITC1,1,Piemonte
2024-11-21,CAM,154,98,56,154,ITF,ITF3,15,Campania
2024-12-17,PAT,70,18,52,70,ITH,ITH2,4,Provincia Autonoma Trento
2024-11-14,SIC,136,78,58,136,ITG,ITG1,19,Sicilia
2024-12-07,TOS,65,25,40,65,ITI,ITI1,9,Toscana
2024-11-08,MAR,759,388,371,759,ITI,ITI3,11,Marche
2024-10-02,SAR,12,8,4,12,ITG,ITG2,20,Sardegna
2024-11-15,PAB,275,112,163,275,ITH,ITH1,4,Provincia Autonoma Bolzano / Bozen
2024-11-26,PIE,1456,711,745,1456,ITC,ITC1,1,Piemonte
2025-01-08,UMB,15,9,6,15,ITI,ITI2,10,Umbria
2024-12-23,VEN,84,31,53,84,ITH,ITH3,5,Veneto
2025-01-07,PIE,101,51,50,101,ITC,ITC1,1,Piemonte
2024-12-18,PAT,84,37,47,84,ITH,ITH2,4,Provincia Autonoma Trento
2024-10-31,LAZ,1209,598,611,1209,ITI,ITI4,12,Lazio
2024-10-12,VEN,337,175,162,337,ITH,ITH3,5,Veneto
2024-10-23,TOS,2280,1107,1173,2280,ITI,ITI1,9,Toscana
2024-12-18,PUG,309,158,151,309,ITF,ITF4,16,Puglia
2024-10-10,TOS,617,286,331,617,ITI,ITI1,9,Toscana
2024-11-19,PAT,237,108,129,237,ITH,ITH2,4,Provincia Autonoma Trento
2024-10-07,MAR,6,2,4,6,ITI,ITI3,11,Marche
2024-11-05,FVG,815,386,429,815,ITH,ITH4,6,Friuli-Venezia Giulia
2024-10-27,TOS,72,29,43,72,ITI,ITI1,9,Toscana
2024-10-24,MAR,629,317,312,629,ITI,ITI3,11,Marche
2024-11-25,UMB,8,6,2,8,ITI,ITI2,10,Umbria
2024-12-09,PAB,90,40,50,90,ITH,ITH1,4,Provincia Autonoma Bolzano / Bozen
2024-10-01,EMR,25,13,12,25,ITH,ITH5,8,Emilia-Romagna
2024-11-18,TOS,1614,777,837,1614,ITI,ITI1,9,Toscana
2024-10-03,MOL,12,7,5,12,ITF,ITF2,14,Molise
2024-10-28,CAL,68,45,23,68,ITF,ITF6,18,Calabria
2024-12-09,TOS,480,221,259,480,ITI,ITI1,9,Toscana
2024-10-25,SAR,96,46,50,96,ITG,ITG2,20,Sardegna
2024-10-27,PIE,25,12,13,25,ITC,ITC1,1,Piemonte
2024-10-26,PIE,806,388,418,806,ITC,ITC1,1,Piemonte
2024-11-13,EMR,5525,2636,2889,5525,ITH,ITH5,8,Emilia-Romagna
2024-11-30,PIE,487,248,239,487,ITC,ITC1,1,Piemonte
2024-12-11,EMR,1316,640,676,1316,ITH,ITH5,8,Emilia-Romagna
2024-10-10,LAZ,255,120,135,255,ITI,ITI4,12,Lazio
2024-10-15,LOM,6466,3135,3331,6466,ITC,ITC4,3,Lombardia
2024-12-21,PIE,107,52,55,107,ITC,ITC1,1,Piemonte
2024-11-22,LOM,5003,2305,2698,5003,ITC,ITC4,3,Lombardia
2024-09-30,LOM,122,69,53,122,ITC,ITC4,3,Lombardia
2024-12-24,LAZ,36,17,19,36,ITI,ITI4,12,Lazio
2024-10-07,CAM,18,11,7,18,ITF,ITF3,15,Campania
2024-12-15,PUG,2,0,2,2,ITF,ITF4,16,Puglia
2024-11-15,EMR,3949,1801,2148,3949,ITH,ITH5,8,Emilia-Romagna
2024-12-18,VEN,506,241,265,506,ITH,ITH3,5,Veneto
2024-09-26,LOM,88,51,37,88,ITC,ITC4,3,Lombardia
2024-12-12,MAR,121,62,59,121,ITI,ITI3,11,Marche
2024-10-21,SIC,29,16,13,29,ITG,ITG1,19,Sicilia
2024-10-23,PAB,465,235,230,465,ITH,ITH1,4,Provincia Autonoma Bolzano / Bozen
2025-01-07,LIG,85,38,47,85,ITC,ITC3,7,Liguria
2024-11-30,BAS,21,11,10,21,ITF,ITF5,17,Basilicata
2024-10-21,VEN,1245,650,595,1245,ITH,ITH3,5,Veneto
2024-11-27,BAS,44,24,20,44,ITF,ITF5,17,Basilicata
2025-01-07,ABR,25,16,9,25,ITF,ITF1,13,Abruzzo
2024-12-18,SIC,69,30,39,69,ITG,ITG1,19,Sicilia
2024-10-23,SAR,141,68,73,141,ITG,ITG2,20,Sardegna
2024-10-28,LIG,423,214,209,423,ITC,ITC3,7,Liguria
2024-11-28,BAS,29,18,11,29,ITF,ITF5,17,Basilicata
2024-10-07,VDA,6,3,3,6,ITC,ITC2,2,Valle d'Aosta / Vallée d'Aoste
2024-11-05,SAR,271,151,120,271,ITG,ITG2,20,Sardegna
2024-11-27,ABR,160,82,78,160,ITF,ITF1,13,Abruzzo
2024-10-23,UMB,6,2,4,6,ITI,ITI2,10,Umbria
2024-11-06,UMB,17,8,9,17,ITI,ITI2,10,Umbria
2025-01-11,EMR,6,3,3,6,ITH,ITH5,8,Emilia-Romagna
2024-10-04,TOS,30,11,19,30,ITI,ITI1,9,Toscana
2024-12-21,TOS,28,15,13,28,ITI,ITI1,9,Toscana
2024-11-23,MOL,16,7,9,16,ITF,ITF2,14,Molise
2024-09-30,VEN,2,1,1,2,ITH,ITH3,5,Veneto
2024-12-30,FVG,36,18,18,36,ITH,ITH4,6,Friuli-Venezia Giulia
2024-12-14,CAL,5,2,3,5,ITF,ITF6,18,Calabria
2024-09-19,PUG,8,4,4,8,ITF,ITF4,16,Puglia
2024-12-10,VDA,7,3,4,7,ITC,ITC2,2,Valle d'Aosta / Vallée d'Aoste
2024-11-16,CAL,11,7,4,11,ITF,ITF6,18,Calabria
2025-01-15,MAR,8,5,3,8,ITI,ITI3,11,Marche
2024-12-16,VDA,8,1,7,8,ITC,ITC2,2,Valle d'Aosta / Vallée d'Aoste
2024-10-18,UMB,9,6,3,9,ITI,ITI2,10,Umbria
2024-12-28,MAR,8,3,5,8,ITI,ITI3,11,Marche
2024-11-01,MAR,16,9,7,16,ITI,ITI3,11,Marche
2024-10-04,SAR,13,8,5,13,ITG,ITG2,20,Sardegna
2024-11-30,VDA,4,3,1,4,ITC,ITC2,2,Valle d'Aosta / Vallée d'Aoste
2024-12-26,EMR,4,3,1,4,ITH,ITH5,8,Emilia-Romagna
2024-10-05,LAZ,4,1,3,4,ITI,ITI4,12,Lazio
2024-11-11,TOS,1769,854,915,1769,ITI,ITI1,9,Toscana
2024-12-21,VEN,19,9,10,19,ITH,ITH3,5,Veneto
2024-10-16,LAZ,687,351,336,687,ITI,ITI4,12,Lazio
2024-11-08,LIG,474,228,246,474,ITC,ITC3,7,Liguria
2024-11-06,VDA,190,81,109,190,ITC,ITC2,2,Valle d'Aosta / Vallée d'Aoste
2024-10-25,CAM,39,19,20,39,ITF,ITF3,15,Campania
2024-10-08,CAM,16,11,5,16,ITF,ITF3,15,Campania
2024-12-04,LOM,2376,1048,1328,2376,ITC,ITC4,3,Lombardia
2024-10-29,LAZ,1699,857,842,1699,ITI,ITI4,12,Lazio
2024-10-17,MAR,157,77,80,157,ITI,ITI3,11,Marche
2024-12-21,LOM,228,109,119,228,ITC,ITC4,3,Lombardia
2024-10-27,LOM,589,287,302,589,ITC,ITC4,3,Lombardia
2024-11-17,PUG,22,12,10,22,ITF,ITF4,16,Puglia
2024-11-16,FVG,686,334,352,686,ITH,ITH4,6,Friuli-Venezia Giulia
2025-01-11,PUG,6,4,2,6,ITF,ITF4,16,Puglia
2024-12-26,VEN,1,1,0,1,ITH,ITH3,5,Veneto
2024-10-23,EMR,5527,2661,2866,5527,ITH,ITH5,8,Emilia-Romagna
2025-01-08,EMR,228,87,141,228,ITH,ITH5,8,Emilia-Romagna
2024-12-02,BAS,30,13,17,30,ITF,ITF5,17,Basilicata
2024-12-10,TOS,573,271,302,573,ITI,ITI1,9,Toscana
2024-11-24,BAS,10,4,6,10,ITF,ITF5,17,Basilicata
2024-10-15,PIE,394,217,177,394,ITC,ITC1,1,Piemonte
2024-11-07,PAT,88,30,58,88,ITH,ITH2,4,Provincia Autonoma Trento
2024-11-15,SAR,196,96,100,196,ITG,ITG2,20,Sardegna
2024-10-08,LIG,128,68,60,128,ITC,ITC3,7,Liguria
2024-11-19,BAS,40,21,19,40,ITF,ITF5,17,Basilicata
2024-10-15,UMB,4,3,1,4,ITI,ITI2,10,Umbria
2024-11-05,LIG,1203,604,599,1203,ITC,ITC3,7,Liguria
2024-11-21,TOS,2249,985,1264,2249,ITI,ITI1,9,Toscana
2025-01-06,PIE,7,2,5,7,ITC,ITC1,1,Piemonte
2024-11-23,BAS,60,27,33,60,ITF,ITF5,17,Basilicata
2025-01-08,LOM,184,72,112,184,ITC,ITC4,3,Lombardia
2024-11-18,LIG,298,157,141,298,ITC,ITC3,7,Liguria
2024-12-05,TOS,915,435,480,915,ITI,ITI1,9,Toscana
2024-10-11,CAL,2,1,1,2,ITF,ITF6,18,Calabria
2024-11-10,MAR,34,13,21,34,ITI,ITI3,11,Marche
2024-11-22,TOS,2023,956,1067,2023,ITI,ITI1,9,Toscana
2024-11-07,CAL,93,60,33,93,ITF,ITF6,18,Calabria
2024-11-07,PUG,659,330,329,659,ITF,ITF4,16,Puglia
2024-12-02,LAZ,534,230,304,534,ITI,ITI4,12,Lazio
2024-10-16,SIC,30,15,15,30,ITG,ITG1,19,Sicilia
2024-11-01,LOM,420,192,228,420,ITC,ITC4,3,Lombardia
2024-10-07,LAZ,122,61,61,122,ITI,ITI4,12,Lazio
2024-10-24,LIG,824,421,403,824,ITC,ITC3,7,Liguria
2024-11-15,VEN,2516,1205,1311,2516,ITH,ITH3,5,Veneto
2024-10-31,PIE,2246,1033,1213,2246,ITC,ITC1,1,Piemonte
2024-11-27,PUG,615,305,310,615,ITF,ITF4,16,Puglia
2024-10-18,VDA,137,68,69,137,ITC,ITC2,2,Valle d'Aosta / Vallée d'Aoste
2024-11-27,CAL,57,34,23,57,ITF,ITF6,18,Calabria
2024-09-26,SAR,3,2,1,3,ITG,ITG2,20,Sardegna
2024-12-06,SIC,133,63,70,133,ITG,ITG1,19,Sicilia
2024-12-16,EMR,617,295,322,617,ITH,ITH5,8,Emilia-Romagna
2024-10-20,LOM,939,470,469,939,ITC,ITC4,3,Lombardia
2024-11-19,ABR,194,111,83,194,ITF,ITF1,13,Abruzzo
2024-12-29,PIE,13,4,9,13,ITC,ITC1,1,Piemonte
2024-10-08,LOM,1597,706,891,1597,ITC,ITC4,3,Lombardia
2024-12-01,LOM,202,80,122,202,ITC,ITC4,3,Lombardia
2024-11-29,PIE,1505,727,778,1505,ITC,ITC1,1,Piemonte
2024-12-13,PIE,776,367,409,776,ITC,ITC1,1,Piemonte
2024-12-23,PAB,12,5,7,12,ITH,ITH1,4,Provincia Autonoma Bolzano / Bozen
2024-10-15,PAB,419,222,197,419,ITH,ITH1,4,Provincia Autonoma Bolzano / Bozen
2024-10-07,SIC,11,10,1,11,ITG,ITG1,19,Sicilia
2024-11-05,PAB,66,30,36,66,ITH,ITH1,4,Provincia Autonoma Bolzano / Bozen
2024-11-18,CAL,51,30,21,51,ITF,ITF6,18,Calabria
2024-11-21,LAZ,1608,738,870,1608,ITI,ITI4,12,Lazio
2024-11-18,LOM,5291,2489,2802,5291,ITC,ITC4,3,Lombardia
2024-11-18,CAM,142,70,72,142,ITF,ITF3,15,Campania
2024-12-04,EMR,1937,910,1027,1937,ITH,ITH5,8,Emilia-Romagna
2024-12-30,PUG,56,30,26,56,ITF,ITF4,16,Puglia
2024-10-01,TOS,44,12,32,44,ITI,ITI1,9,Toscana
2024-10-25,LIG,322,157,165,322,ITC,ITC3,7,Liguria
2024-10-16,BAS,10,7,3,10,ITF,ITF5,17,Basilicata
2024-10-25,PAB,303,141,162,303,ITH,ITH1,4,Provincia Autonoma Bolzano / Bozen
2024-11-28,MAR,201,99,102,201,ITI,ITI3,11,Marche
2024-10-09,FVG,24,13,11,24,ITH,ITH4,6,Friuli-Venezia Giulia
2024-11-11,LAZ,1173,560,613,1173,ITI,ITI4,12,Lazio
2024-10-24,LOM,9056,4382,4674,9056,ITC,ITC4,3,Lombardia
2024-10-18,MAR,221,106,115,221,ITI,ITI3,11,Marche
2024-11-15,PAT,212,98,114,212,ITH,ITH2,4,Provincia Autonoma Trento
2024-12-27,PUG,78,42,36,78,ITF,ITF4,16,Puglia
2024-12-16,UMB,11,3,8,11,ITI,ITI2,10,Umbria
2024-11-15,PUG,750,362,388,750,ITF,ITF4,16,Puglia
2024-11-27,PAT,364,169,195,364,ITH,ITH2,4,Provincia Autonoma Trento
2024-11-28,PAT,197,97,100,197,ITH,ITH2,4,Provincia Autonoma Trento
2024-12-19,FVG,164,81,83,164,ITH,ITH4,6,Friuli-Venezia Giulia
2024-11-20,SIC,144,71,73,144,ITG,ITG1,19,Sicilia
2024-12-05,PAB,49,29,20,49,ITH,ITH1,4,Provincia Autonoma Bolzano / Bozen
2025-01-11,VEN,43,14,29,43,ITH,ITH3,5,Veneto
2024-12-19,UMB,10,7,3,10,ITI,ITI2,10,Umbria
2024-12-23,UMB,3,3,0,3,ITI,ITI2,10,Umbria
2024-10-27,VEN,17,8,9,17,ITH,ITH3,5,Veneto
2024-12-24,MAR,15,12,3,15,ITI,ITI3,11,Marche
2024-09-30,PIE,10,6,4,10,ITC,ITC1,1,Piemonte
2024-12-12,BAS,10,4,6,10,ITF,ITF5,17,Basilicata
2024-12-28,LAZ,10,5,5,10,ITI,ITI4,12,Lazio
2024-10-01,SAR,9,5,4,9,ITG,ITG2,20,Sardegna
2024-12-18,ABR,42,19,23,42,ITF,ITF1,13,Abruzzo
2024-09-30,TOS,4,1,3,4,ITI,ITI1,9,Toscana
2025-01-04,FVG,3,3,0,3,ITH,ITH4,6,Friuli-Venezia Giulia
2024-11-03,VDA,4,1,3,4,ITC,ITC2,2,Valle d'Aosta / Vallée d'Aoste
2025-01-11,PAT,3,2,1,3,ITH,ITH2,4,Provincia Autonoma Trento
2024-11-17,PAT,1,0,1,1,ITH,ITH2,4,Provincia Autonoma Trento
2024-10-03,FVG,1,1,0,1,ITH,ITH4,6,Friuli-Venezia Giulia
